2.840791167365750575e-02
1.378165427143304145e-01
4.016488434906518856e-01
4.604584453498207219e-01
4.717413289002460042e-01
4.744511151426721307e-01
5.834994629073886330e-01
6.142120749365708177e-01
6.301663004627698905e-01
6.212122031998685845e-01
7.287841202569189658e-01
7.101168571614191460e-01
6.300366080639314692e-01
6.514218670437038616e-01
7.043722491258994634e-01
6.649887872906748987e-01
7.239180712674365692e-01
6.168642428307886671e-01
6.916773593165428391e-01
5.945176077954263949e-01
