5.661630960558347025e-01
5.741535073830439373e-01
6.365966820124331349e-01
6.549729549775520354e-01
7.239649236918891395e-01
7.900369359518880641e-01
8.112716143797391588e-01
8.612983749066412953e-01
8.948544035831568211e-01
8.948544035831568211e-01
9.086415163477986612e-01
9.112445071066443969e-01
9.179567591662199932e-01
9.179567591662199932e-01
9.179567591662199932e-01
9.276975760865779908e-01
9.276975760865779908e-01
9.276975760865779908e-01
9.276975760865779908e-01
9.276975760865779908e-01
