2.589780417193845302e-02
9.165110967775211281e-02
2.371540002676711667e-01
3.296034345870825222e-01
3.772124797770206039e-01
4.476096568227891370e-01
4.465584463967354756e-01
4.710741001776085346e-01
4.253714005925026131e-01
4.078862660287478903e-01
4.577171831796297274e-01
5.193263606204009397e-01
4.552911634421745180e-01
4.672665505943706110e-01
4.874350954016253290e-01
4.590784625279433762e-01
4.711965148447229135e-01
4.866128604163539317e-01
4.641566164558337815e-01
4.932112655390438194e-01
