3.894742278523801726e-01
3.894742278523801726e-01
5.665676338523422118e-01
5.665676338523422118e-01
5.836744473106817432e-01
5.946272163329171523e-01
5.946272163329171523e-01
6.014897626630073546e-01
6.069849676599621269e-01
6.069849676599621269e-01
6.286925781528808210e-01
6.329414010912221000e-01
6.329414010912221000e-01
6.329414010912221000e-01
6.329414010912221000e-01
6.329414010912221000e-01
6.329414010912221000e-01
6.329414010912221000e-01
6.329414010912221000e-01
6.656250659998158570e-01
