2.198095989122235416e-02
7.758062398732232245e-02
1.897438678805301870e-01
2.782231189840501662e-01
3.155177202234435430e-01
3.387048994744232822e-01
3.176021897230171254e-01
3.231892585787683458e-01
3.560070242809806329e-01
4.175027215812676107e-01
3.404708683476114217e-01
3.587322197283067671e-01
3.827226809095097826e-01
3.692041949510597165e-01
3.917079806527145047e-01
3.894843956300190757e-01
3.859117359302712269e-01
3.965507913481362001e-01
3.683566341456466775e-01
4.196655811809957837e-01
