2.057970829963746695e-01
4.115212106202086328e-01
4.345189742576351932e-01
4.345189742576351932e-01
4.418807081419501293e-01
4.466038743544742395e-01
5.007266302457888951e-01
5.369636533836367187e-01
5.369636533836367187e-01
5.385582093601369857e-01
5.385582093601369857e-01
5.385582093601369857e-01
5.385582093601369857e-01
5.385582093601369857e-01
5.385582093601369857e-01
5.385582093601369857e-01
5.385582093601369857e-01
5.385582093601369857e-01
5.385582093601369857e-01
5.385582093601369857e-01
