5.262214738658170521e-02
2.087650014669559795e-01
3.253170491824318722e-01
4.392617919579905883e-01
4.747343185274632837e-01
4.741714344203226683e-01
4.974357953104258101e-01
5.293668924433778677e-01
5.299242313240655200e-01
5.494538940496737078e-01
5.896895204960965753e-01
5.999294592530255432e-01
5.431933433620448337e-01
5.736212539132732324e-01
6.483196323717846932e-01
6.344645099134653687e-01
5.425886725607781402e-01
5.981353101577464582e-01
5.517438083277422800e-01
6.130161486029304108e-01
