2.795276223429743467e-01
6.061378411308363523e-01
6.379682975943824497e-01
6.830708190177479100e-01
6.830708190177479100e-01
7.343819420865976833e-01
7.343819420865976833e-01
7.580099403234050737e-01
7.727702082409221296e-01
8.125857251496192424e-01
8.125857251496192424e-01
8.125857251496192424e-01
8.125857251496192424e-01
8.227488208888772414e-01
8.227488208888772414e-01
8.227488208888772414e-01
8.227488208888772414e-01
8.294899656651613107e-01
8.294899656651613107e-01
8.294899656651613107e-01
