5.119896177018501415e-02
2.245023774904713609e-01
4.290079852846380715e-01
5.195252068400926238e-01
4.382803426812152958e-01
6.249882108367422751e-01
5.616919462098917126e-01
5.778082030618248988e-01
5.419009257105655841e-01
5.870710101297246242e-01
6.108610032375175747e-01
6.284636278457046421e-01
6.454908521628848206e-01
5.528181655070638634e-01
6.077378081115650810e-01
6.252380719829284672e-01
6.403450614140757668e-01
5.805981641877930866e-01
6.165642035326872605e-01
5.885551823453532005e-01
