5.379822366204412010e-01
6.531784678626662011e-01
7.121325881007964931e-01
7.247906282758923568e-01
7.505392207395867876e-01
8.184994212466860652e-01
8.237451061538501040e-01
8.237451061538501040e-01
8.237451061538501040e-01
8.305621158193976505e-01
8.305621158193976505e-01
8.609320313382359258e-01
8.609320313382359258e-01
8.609320313382359258e-01
8.609320313382359258e-01
8.609320313382359258e-01
8.609320313382359258e-01
8.609320313382359258e-01
8.609320313382359258e-01
8.609320313382359258e-01
