4.900385615400149053e-02
1.314903406294939681e-01
2.158525420155751051e-01
2.205181539233360688e-01
2.302908906583332471e-01
2.682753361696542660e-01
2.801281215787734813e-01
2.329852024193393711e-01
2.701349291269606878e-01
2.996033490379111375e-01
2.617374062433170390e-01
2.747335124300324116e-01
2.687925381131210933e-01
2.498874281109758066e-01
2.690719947229943121e-01
2.626898398803850232e-01
2.497715885373342215e-01
2.509404033169763126e-01
2.490689272205353633e-01
2.723874070315764895e-01
