2.634532105732934060e-01
2.639475849028498633e-01
2.853357165314931443e-01
2.867965136644330393e-01
3.010978843276218564e-01
3.031461466609799427e-01
3.122784847052050283e-01
3.122784847052050283e-01
3.122784847052050283e-01
3.122784847052050283e-01
3.122784847052050283e-01
3.122784847052050283e-01
3.125926628784547745e-01
3.125926628784547745e-01
3.125926628784547745e-01
3.125926628784547745e-01
3.125926628784547745e-01
3.125926628784547745e-01
3.125926628784547745e-01
3.125926628784547745e-01
