1.112240450347005971e-02
7.073544917166116330e-02
1.622562945468855877e-01
2.527766042078390951e-01
3.210684627874692554e-01
3.567641307932488681e-01
4.630057151378137448e-01
4.737542427729179439e-01
5.040456559228315703e-01
4.842545392741675059e-01
4.794280666047231465e-01
5.285855071428142704e-01
4.861452443488671338e-01
5.075824863344222670e-01
5.200833046638699830e-01
5.462563574530818755e-01
4.596226691484425753e-01
5.155303454110352623e-01
4.928153324500792465e-01
5.366612195650729555e-01
