1.712565809286421548e-01
2.652970738170733478e-01
4.139988543170040058e-01
4.747089908214232601e-01
6.185910714197760951e-01
6.761435737885853614e-01
6.889606933052013771e-01
6.889606933052013771e-01
7.080652778981419981e-01
7.115074399958022378e-01
7.115074399958022378e-01
7.287123868462734855e-01
7.287123868462734855e-01
7.617778484646352544e-01
7.617778484646352544e-01
7.617778484646352544e-01
7.617778484646352544e-01
7.617778484646352544e-01
7.617778484646352544e-01
7.748741035900248431e-01
