6.180048310867108929e-02
3.463406261573070966e-01
5.080111313810391493e-01
5.133315758469928491e-01
5.870035373484885355e-01
5.620367248561395357e-01
6.103983482907170410e-01
6.506061384057784114e-01
6.651614574228768006e-01
6.452586222398341009e-01
6.700001382373793613e-01
5.851691810120729365e-01
6.228258287504031543e-01
6.417232773703733795e-01
7.376943490837424289e-01
6.615008480455533135e-01
6.496682570374685550e-01
6.471787734655857216e-01
6.192508415960611412e-01
7.262972379474672557e-01
