6.584803280069152498e-01
7.027875356311626964e-01
7.522052595007894249e-01
7.556090684021923298e-01
7.722329454933813953e-01
8.115379084604726900e-01
8.180452656791736832e-01
8.351760983711213893e-01
8.479803742996405713e-01
8.479803742996405713e-01
8.606844559382547111e-01
8.758992123784958839e-01
8.758992123784958839e-01
8.758992123784958839e-01
8.758992123784958839e-01
8.758992123784958839e-01
8.758992123784958839e-01
8.758992123784958839e-01
8.758992123784958839e-01
8.758992123784958839e-01
