4.170374037505694687e-02
1.726448328646474351e-01
2.449238273427577217e-01
2.742533830779076420e-01
3.226864877723004121e-01
3.378713813743335348e-01
3.481270213068151653e-01
3.598042362093310520e-01
3.977831826960379069e-01
4.065877421383805590e-01
4.282556610211257220e-01
4.629171518326383739e-01
4.178915040485898791e-01
4.146793570391330563e-01
4.453344020255938784e-01
4.733221588633450549e-01
4.597718305811471784e-01
4.691732780718296247e-01
4.112051610574599669e-01
4.927266956483479232e-01
