3.216959715599498892e-01
3.696670075936704380e-01
4.051305249335540593e-01
4.511379169488094476e-01
4.511379169488094476e-01
5.374566597621484032e-01
5.435535784671781112e-01
5.474979180720246363e-01
5.754176252613633080e-01
5.773596679246144614e-01
5.785495143600352108e-01
6.220209083434208308e-01
6.220209083434208308e-01
6.220209083434208308e-01
6.220209083434208308e-01
6.317636955062513326e-01
6.401662002224686177e-01
6.401662002224686177e-01
6.401662002224686177e-01
6.401662002224686177e-01
