4.100540560999247491e-02
1.814009701533949304e-01
2.438231488672943092e-01
3.889837099341276749e-01
5.242892934716361086e-01
5.695201205107439657e-01
5.053376384348092776e-01
4.654569682035608613e-01
4.940810116945903441e-01
5.840281019884506764e-01
5.093196511508720770e-01
5.730846675195377937e-01
6.468409467462790108e-01
5.699901076235406316e-01
6.372045786313740301e-01
6.613319803956355658e-01
6.397556539075139881e-01
6.659434511145396751e-01
6.892409606161105096e-01
5.903946768212714469e-01
