3.287734826194693705e-01
5.682927386830637362e-01
5.682927386830637362e-01
6.690440389327704240e-01
6.879115676492066900e-01
7.561873801355218916e-01
8.021502510850988532e-01
8.130489406392601426e-01
8.181128577472619456e-01
8.258054745556302478e-01
8.258054745556302478e-01
8.545683571385159771e-01
8.545767249617366446e-01
8.665328319569031157e-01
8.804554656155012538e-01
8.886941435158107749e-01
8.886941435158107749e-01
9.206320518872337377e-01
9.206320518872337377e-01
9.206320518872337377e-01
