7.854324003596871440e-02
2.310296973212483951e-01
3.210822166120154142e-01
3.984540077395506974e-01
4.436097335892057458e-01
5.335153996737780346e-01
5.586291778272658437e-01
5.030829875010209840e-01
5.149165087866046653e-01
4.940914498232128471e-01
6.069786891313582178e-01
5.340851591523938513e-01
5.673415849319800586e-01
6.048335604133887600e-01
5.715305356826598793e-01
5.933670790754652646e-01
6.208154128658618376e-01
6.263109628841402321e-01
5.905573169684208423e-01
5.799122537112291198e-01
