4.980486478093288927e-01
6.518431278838973109e-01
6.518431278838973109e-01
6.548701564291040667e-01
6.732983166043371437e-01
7.041214516522222855e-01
7.041214516522222855e-01
7.041214516522222855e-01
7.310669874042120542e-01
7.383353292574641458e-01
7.383353292574641458e-01
7.492725950091378984e-01
7.510196181049159092e-01
7.550931296657467096e-01
7.558333617401916671e-01
7.637084804367276769e-01
7.637084804367276769e-01
7.637084804367276769e-01
7.714715480645495393e-01
7.714715480645495393e-01
