3.854736611936297047e-02
1.312123157551767505e-01
2.157750158094162707e-01
2.151112305371162825e-01
2.745357716833071171e-01
3.520881705557910024e-01
3.257420877212148236e-01
3.669464147079939398e-01
4.034272507941856212e-01
4.579818380751638496e-01
4.311151382731336357e-01
4.868731113731839533e-01
5.242160944958126345e-01
5.207635153370355763e-01
5.800308477871235491e-01
5.940885687339181320e-01
5.880010938881941041e-01
6.177820482193631113e-01
5.873094291313656345e-01
5.024601121729654896e-01
