2.906128551199435028e-01
3.029972493281789525e-01
4.051601682896798229e-01
4.051601682896798229e-01
4.584933941857334272e-01
4.791928352959471393e-01
5.230321764560444953e-01
5.376524009321282938e-01
5.376524009321282938e-01
6.331856530446854370e-01
7.052849478200790001e-01
7.052849478200790001e-01
7.404475119991656973e-01
7.404475119991656973e-01
7.609701209063611804e-01
7.609701209063611804e-01
7.609701209063611804e-01
7.609701209063611804e-01
7.695593524728454593e-01
7.695593524728454593e-01
