1.729323745920663749e-02
8.742545285392411269e-02
3.112139784046449309e-01
3.737676977211960017e-01
3.887866507554509354e-01
4.228636052695494141e-01
4.940494463402373415e-01
5.220725052866908023e-01
3.826231339161043077e-01
6.431445454267717965e-01
5.536498732176858839e-01
6.030764815390220468e-01
5.661175884489489940e-01
6.333256469180078563e-01
5.840989395194091660e-01
6.009285066663609953e-01
6.423361742062877466e-01
6.464313790569274909e-01
6.208976676884656598e-01
6.393859838657893757e-01
