4.082982518673285988e-01
4.432554258142678005e-01
4.565400827726491251e-01
6.778936327167242037e-01
7.080175478295031022e-01
7.380319371674189943e-01
7.613062607598944931e-01
8.116870872492358835e-01
8.116870872492358835e-01
8.274601159590881938e-01
8.274601159590881938e-01
8.274601159590881938e-01
8.274601159590881938e-01
8.443999061704839937e-01
8.443999061704839937e-01
8.443999061704839937e-01
8.449378758553021118e-01
8.449378758553021118e-01
8.588451580744609348e-01
8.588451580744609348e-01
