9.579413647231357215e-03
4.594271923419278314e-02
6.751927218788107699e-02
6.567065007176026148e-02
5.931239219988865274e-02
7.374972278850408514e-02
8.509364573699872147e-02
9.861342128530235784e-02
1.316202371247819913e-01
1.898471790811896431e-01
1.963048851093572578e-01
2.521881874399694579e-01
3.025171108774050710e-01
2.583020309078055687e-01
2.692092773491970847e-01
3.130114039121483782e-01
2.815517865004281139e-01
2.974427575108425925e-01
3.397397551566253560e-01
3.252423001654051182e-01
