7.582737292384644778e-02
7.612653095100530010e-02
7.794427037644546807e-02
8.845837898956543377e-02
9.266435829151975501e-02
1.095508526540177607e-01
1.199846368807475638e-01
2.429051203059959807e-01
3.566702196433053640e-01
3.905838188902738262e-01
4.025331231895223905e-01
4.069765698546048416e-01
4.162231342295342751e-01
4.250916774763973116e-01
4.255030678179296810e-01
4.264498117359096785e-01
4.440267114378372293e-01
4.440267114378372293e-01
4.494273183728640930e-01
4.501265899240638468e-01
