2.563925324698846861e-02
9.404120860078508948e-02
1.632265322545769504e-01
2.333709186939679492e-01
2.569296882099632029e-01
2.445306525838485123e-01
2.154382941430511289e-01
2.308394566580639906e-01
2.388146598177566526e-01
2.438386707760278327e-01
2.398084880872350388e-01
2.316627763405126328e-01
2.474848016238062054e-01
2.180146916696552029e-01
2.497352566045551170e-01
2.498809471575086094e-01
2.651591332690613756e-01
2.408467343350809975e-01
2.582795278140100903e-01
2.448207087657418290e-01
