1.792098149881105051e-01
2.848426022167933613e-01
2.848426022167933613e-01
2.905268342283480187e-01
2.918078655917850650e-01
2.977390808020470292e-01
2.989611966995431303e-01
3.009776035879077050e-01
3.009776035879077050e-01
3.031341234244990801e-01
3.031869887699842891e-01
3.031869887699842891e-01
3.044706608551416283e-01
3.044706608551416283e-01
3.044706608551416283e-01
3.080873580157501568e-01
3.080873580157501568e-01
3.080873580157501568e-01
3.080873580157501568e-01
3.080873580157501568e-01
