3.980786510731087677e-03
2.100808125135141674e-02
5.969165296355585099e-02
8.784811435908353172e-02
8.576463895110868207e-02
9.004710019146759670e-02
9.402878724373218977e-02
9.530588905609790884e-02
1.094689328227544250e-01
1.434207851114329135e-01
1.526784878750830354e-01
1.793943756888481955e-01
2.011333726949776080e-01
2.511701608295869859e-01
2.508891758533796090e-01
2.609698435602318400e-01
3.172500958159782947e-01
3.666382238523470671e-01
4.493883938795598110e-01
4.713250611027598458e-01
