1.004448701337472549e-01
1.017623984214093280e-01
1.028973061841176317e-01
1.045953794475752430e-01
1.104671367505369872e-01
1.142002383442612956e-01
1.249773972489426344e-01
1.358782398469214892e-01
1.715289664907124756e-01
2.553720913406629656e-01
2.756993183669997904e-01
3.177059437106297679e-01
3.194076066988260632e-01
3.681151131645532537e-01
4.108190978393898574e-01
6.176986935591013417e-01
6.707177518461222565e-01
6.707177518461222565e-01
6.707177518461222565e-01
6.707177518461222565e-01
