7.543023553557282046e-02
3.104054412023190546e-01
5.539905529294921749e-01
5.252952540546025340e-01
4.486060619218673051e-01
5.714005580004498652e-01
6.199241271260156338e-01
5.557087627406580577e-01
7.164451845526286222e-01
6.945699521205993543e-01
7.489210633356871982e-01
5.884874105771137343e-01
6.228068434961102628e-01
7.176553281101792914e-01
6.819353108473749092e-01
6.331384854074276758e-01
6.081180913340035188e-01
6.462466077482733606e-01
6.466678139772280565e-01
6.052350940026464121e-01
