6.571472284413472087e-01
6.762953632728498921e-01
7.200375811927440806e-01
7.998698651381581648e-01
8.044560346729356937e-01
8.302474193846776096e-01
8.745359211916069464e-01
8.765989825816267178e-01
8.765989825816267178e-01
8.900885699030479659e-01
8.900885699030479659e-01
8.917819531180896098e-01
8.917819531180896098e-01
8.998632180687753390e-01
8.998632180687753390e-01
8.998632180687753390e-01
8.998632180687753390e-01
8.998632180687753390e-01
8.998632180687753390e-01
8.998632180687753390e-01
