8.146461485164097072e-02
2.550249274938233279e-01
3.878783639230428681e-01
4.452871440911246315e-01
4.539089977241232421e-01
5.077773410757939754e-01
4.995710067979015068e-01
5.271390916592946230e-01
5.979271019224976502e-01
5.598046634069615557e-01
5.625204024084844434e-01
5.469362693662563890e-01
5.416706238411141960e-01
5.890523593657117640e-01
5.766896051622822927e-01
5.962849312476464769e-01
5.391664711178538738e-01
5.811810289041342559e-01
5.659660000668516044e-01
5.673306674362287305e-01
