4.646740652786061077e-01
5.082990829683508016e-01
5.976718125998848885e-01
6.193416241166506131e-01
6.742885380545345919e-01
7.232927061125482560e-01
7.232927061125482560e-01
7.551796809557147494e-01
8.238381031937224153e-01
8.402688143371306317e-01
8.402688143371306317e-01
8.402688143371306317e-01
8.402688143371306317e-01
8.491500137292111727e-01
8.491500137292111727e-01
8.491500137292111727e-01
8.491500137292111727e-01
8.491500137292111727e-01
8.491500137292111727e-01
8.491500137292111727e-01
