2.357303274538449095e-02
9.851638015037950113e-02
2.348663741137554661e-01
3.603542374667793036e-01
3.516177123115226122e-01
2.985873510134928743e-01
2.942245775528896101e-01
4.335806677359047012e-01
4.150428607131321779e-01
5.187466209996230981e-01
5.032917799228595612e-01
4.761484804353095512e-01
5.097764355312769391e-01
4.363876920061243725e-01
5.029386259671877468e-01
5.023319789424868231e-01
5.328519464228116398e-01
5.864012716878981291e-01
5.252357965566412101e-01
5.563455621411720342e-01
