2.708087665666963906e-01
4.460322713271385187e-01
4.511153222365402726e-01
4.848044760688773325e-01
4.848044760688773325e-01
6.110947185986349561e-01
6.323391693519644363e-01
6.498637541386200756e-01
6.498637541386200756e-01
6.583631222398926841e-01
6.583631222398926841e-01
6.701994319136819200e-01
6.701994319136819200e-01
7.146243388699372590e-01
7.146243388699372590e-01
7.356420233700821099e-01
7.356420233700821099e-01
7.432746078962572112e-01
7.696010553990932923e-01
8.588099415890296795e-01
