3.243196347553539607e-03
1.528487322605470711e-02
4.263222339425420948e-02
6.789810902254730940e-02
7.643623978473129688e-02
7.331361693636109789e-02
8.157906891725771881e-02
8.347119443810535611e-02
8.968979148256531198e-02
8.899156476306509245e-02
1.014701597178797599e-01
1.018365373180591671e-01
1.422980058171592899e-01
1.244583477010181988e-01
1.418442501084030138e-01
1.334810489029883418e-01
1.561547488363703162e-01
1.869179845794201600e-01
1.707301664486906290e-01
2.260403809424787747e-01
