3.234305903368717150e-02
8.755306661708417426e-02
8.755306661708417426e-02
9.968500096370958019e-02
9.994425166176679198e-02
1.014251200567461986e-01
1.048489714717211196e-01
1.048489714717211196e-01
1.113841682576612868e-01
1.511169314231430860e-01
1.775672768117251277e-01
1.775672768117251277e-01
2.235097850213216830e-01
2.235097850213216830e-01
2.496994997697943308e-01
2.496994997697943308e-01
2.668555969405402850e-01
2.973386894573464279e-01
2.973386894573464279e-01
3.041842918417930752e-01
