2.761859202508223227e-02
1.273783283950590539e-01
3.065107724606810358e-01
3.766212863682505962e-01
4.611702408692019972e-01
4.710750916248429010e-01
5.153379964749682518e-01
5.165363898380127550e-01
5.284604150063583194e-01
6.118436189716660589e-01
5.117397166367010364e-01
6.686608489759856555e-01
5.940546109382306428e-01
6.432985951645624478e-01
6.969915430551261171e-01
6.279832125041593383e-01
6.705622229019714275e-01
6.394181535476760603e-01
6.263463135056605013e-01
7.067246257879781224e-01
