4.392195833873712152e-01
4.392195833873712152e-01
5.884130307373889313e-01
6.130780250277615417e-01
6.518228917107043996e-01
7.178273694976550212e-01
7.534886154622689736e-01
7.534886154622689736e-01
7.863446570221140908e-01
8.015573916680566180e-01
8.301902130650821166e-01
8.458506067859362654e-01
8.580094204715996709e-01
8.866409170850387822e-01
8.897134716774885987e-01
8.897778294328618776e-01
8.930374521295333379e-01
8.975523411824063436e-01
8.975523411824063436e-01
8.975523411824063436e-01
