7.365902855764966395e-03
3.346941976140795777e-02
6.603722905209573335e-02
7.069768538708851024e-02
1.071084153228816227e-01
1.331167959623613117e-01
1.672650761796038998e-01
1.625550016490004412e-01
2.034188915974776690e-01
1.914172872249504109e-01
2.049907180919438299e-01
2.175895660210722116e-01
2.311497654724097295e-01
1.962469478694213731e-01
1.895214566535822764e-01
2.158014090327763645e-01
2.007856611414042813e-01
2.197092892580301826e-01
2.116774812882462053e-01
2.231430678338301443e-01
