7.723692459644437847e-02
8.907477005293362726e-02
1.387103433064283964e-01
1.423542350371258536e-01
1.780458386846108798e-01
2.502575925464276541e-01
2.722194809871179011e-01
2.817214076324748850e-01
2.881892628829159086e-01
2.881892628829159086e-01
2.904018229389548900e-01
2.904018229389548900e-01
2.904018229389548900e-01
2.904018229389548900e-01
2.907370283243067011e-01
2.933915391620859348e-01
2.933915391620859348e-01
2.933915391620859348e-01
2.933915391620859348e-01
2.933915391620859348e-01
