6.216305663470382548e-02
2.793426181514531703e-01
3.919241765013602441e-01
4.914147173737316576e-01
4.161927704095393921e-01
4.755303340309351978e-01
5.348672737591344539e-01
5.699276454802169045e-01
5.394457238476106919e-01
5.033372798573565454e-01
5.589733975530940535e-01
4.988172367371223603e-01
5.202395297822175468e-01
5.198388077981294098e-01
5.262214346458169434e-01
5.939143100540408282e-01
6.238134770331862367e-01
6.089992259476166847e-01
6.356323738535445411e-01
5.289041597633122871e-01
