4.871655583166687453e-01
5.628114243813449047e-01
5.835611792301999001e-01
6.469194281270975733e-01
6.591638227931615468e-01
6.869189744840672462e-01
7.122821816433638764e-01
7.122821816433638764e-01
7.122821816433638764e-01
7.133232058653393715e-01
7.878159026945580345e-01
7.878159026945580345e-01
8.193283682669048051e-01
8.193283682669048051e-01
8.193283682669048051e-01
8.851399967827224824e-01
8.851399967827224824e-01
8.851399967827224824e-01
9.001555516259482914e-01
9.022354702796204773e-01
