2.568997902240256412e-02
1.087932954645160627e-01
1.770016919625070906e-01
1.728863018854061850e-01
2.178716369214673265e-01
2.415777891085637563e-01
2.506241910143914287e-01
3.743825032055733137e-01
4.148945859338753483e-01
4.509055042105038491e-01
5.075123701485880767e-01
5.138610459312109580e-01
5.439275410787240972e-01
5.048052327157159791e-01
5.319556331835346707e-01
5.142208806793624465e-01
6.034942308739049688e-01
5.893012187780177769e-01
6.544513846823681869e-01
4.867461535917490534e-01
