1.993208801007980702e-01
2.104226448259709503e-01
2.592374364574039358e-01
2.635433475633004452e-01
3.583792257981839313e-01
6.270458227314108512e-01
6.555614113710210855e-01
7.117076070015839750e-01
7.274525210332088987e-01
7.274525210332088987e-01
7.469691119374000099e-01
7.878879483789091864e-01
7.878879483789091864e-01
7.937073904510675293e-01
8.513619107485613791e-01
8.513619107485613791e-01
8.573072571926084740e-01
8.573072571926084740e-01
8.649404931614128600e-01
8.658068972534883612e-01
