3.554244748630034506e-02
1.549757315686605685e-01
3.123849429138864653e-01
3.784564068876565823e-01
4.728632691981282110e-01
4.856781353203638574e-01
4.422038015897096774e-01
4.667312765977228439e-01
4.646546493193505212e-01
5.199711198885781371e-01
4.992384650166440396e-01
6.306408251786304042e-01
5.645942696503239988e-01
5.708912093572039437e-01
6.723464270121013442e-01
6.170593398114861960e-01
6.815571711041010783e-01
6.548566294035540469e-01
6.597381327337827894e-01
6.345716823240543647e-01
