4.346836758695777903e-01
4.675858191433268640e-01
4.913100100371947665e-01
5.625578071525474400e-01
5.945579624082407699e-01
5.945579624082407699e-01
5.945579624082407699e-01
6.628843542217492946e-01
6.765596531087229026e-01
7.070759580841948777e-01
7.527664836695858730e-01
7.724215589369221036e-01
7.724215589369221036e-01
7.938118776622388184e-01
8.004147688215523804e-01
8.381233021387830551e-01
8.381233021387830551e-01
8.420025490353766351e-01
8.529385960866254779e-01
8.529385960866254779e-01
