4.345089734156278027e-02
1.542304647096741643e-01
2.289985952763105570e-01
2.432015298079953369e-01
2.723223706696537572e-01
2.924004853928295344e-01
3.489389645503760962e-01
4.014059721834227767e-01
4.206693387339218160e-01
5.034774484357921187e-01
5.383457527705389767e-01
5.342513840002277581e-01
5.979972909499644551e-01
5.330580440352659100e-01
5.767880226448879322e-01
5.375314565557328672e-01
6.155036640840221285e-01
5.971481827382718599e-01
5.799305903174791776e-01
6.380171054647750806e-01
