2.481510086426090833e-01
2.825119562045363963e-01
3.008124554106764714e-01
3.228542867938678507e-01
4.399359114670579052e-01
4.913263187940395404e-01
6.181241341145090606e-01
6.958626553522773150e-01
7.166446080433953592e-01
7.166446080433953592e-01
7.382349740757958578e-01
7.501962313676131533e-01
7.554175800393105877e-01
7.574676969821249051e-01
7.848001814364150563e-01
8.223099242935248965e-01
8.223099242935248965e-01
8.411348071657326342e-01
8.411348071657326342e-01
8.411348071657326342e-01
