4.720387830096216958e-02
1.710051995507657630e-01
3.266985967607577424e-01
4.338271011775497454e-01
4.430551682562643423e-01
4.681592986678787538e-01
5.101995031625329302e-01
5.131636871271674227e-01
5.432104354164286608e-01
5.218464688181200239e-01
5.800165690335162827e-01
5.167847757744846726e-01
5.882145076266077632e-01
5.757870317081555944e-01
4.998966352051532058e-01
5.177704513141127007e-01
6.135294582023290699e-01
6.103309119750719436e-01
6.450110914096629511e-01
5.846958703068805274e-01
