4.963685075714252548e-01
4.963685075714252548e-01
5.477728980381553203e-01
6.196852854417781442e-01
6.196852854417781442e-01
6.758881117562752783e-01
6.758881117562752783e-01
7.256026485610186372e-01
7.385951403392695402e-01
7.385951403392695402e-01
7.385951403392695402e-01
7.523828646203489789e-01
7.722582760717133787e-01
7.834768320214627879e-01
7.834768320214627879e-01
7.867831782668139873e-01
7.867831782668139873e-01
8.008250580249182127e-01
8.179144128895454724e-01
8.252198230951170999e-01
