6.810923846095082168e-02
2.816590086238606738e-01
3.999987242564852497e-01
4.763633645206173384e-01
4.796117130127912631e-01
5.662688930986937708e-01
4.896112800405282295e-01
5.396738462383396939e-01
5.625258024814050462e-01
6.394639420060339585e-01
5.740178175449710540e-01
6.594740866089103815e-01
6.385417486966102896e-01
6.396969539681792716e-01
6.771682195906471025e-01
6.314772336182116197e-01
5.529890457856593278e-01
6.115568355650118360e-01
6.598813920882845574e-01
6.560501508201979082e-01
