4.410467818430342524e-01
5.564080203028771709e-01
5.865684371610253578e-01
6.789140987296851115e-01
7.116440378120232335e-01
7.301085647615263019e-01
7.702014308735711801e-01
8.018990635855669513e-01
8.037867441126900214e-01
8.527197478558223853e-01
8.527197478558223853e-01
8.527197478558223853e-01
8.704627521522462219e-01
8.704627521522462219e-01
8.790481653849007149e-01
8.790481653849007149e-01
8.817925435170612669e-01
8.817925435170612669e-01
8.817925435170612669e-01
8.817925435170612669e-01
