1.429203084750950981e-01
2.902112091079979139e-01
3.785537653071597286e-01
3.893271510209974640e-01
3.812536864213076915e-01
4.069187664776478530e-01
3.599728261504145932e-01
4.301755960262817480e-01
4.070574949182823588e-01
4.013727141426775558e-01
4.262588931359930777e-01
3.888181719506773049e-01
4.370283565888682387e-01
3.848732109468832596e-01
4.246883533697154434e-01
4.406554828909829413e-01
4.163882572246428992e-01
3.835857521733012643e-01
4.010560815978134741e-01
3.932916839599316927e-01
