4.358980910424236077e-01
4.721948198019143561e-01
4.747778198304004604e-01
4.775159886758739702e-01
4.785862522382435813e-01
4.785862522382435813e-01
4.830575422934544338e-01
4.848724504253048018e-01
4.854493018588907916e-01
4.854493018588907916e-01
4.858994614897147457e-01
4.865841083241992937e-01
4.865841083241992937e-01
4.865841083241992937e-01
4.867602073356047665e-01
4.867602073356047665e-01
4.867602073356047665e-01
4.867602073356047665e-01
4.867602073356047665e-01
4.871350776365139801e-01
