2.416991777043281560e-03
1.187495262127304455e-02
4.131520446709223415e-02
6.604084284946735994e-02
8.009436900266149462e-02
8.528816547430886907e-02
8.701019908758589327e-02
9.434166435496982306e-02
8.984883573580107474e-02
1.015777132844786490e-01
1.147467074062897135e-01
1.158206742897250202e-01
1.270470330337871712e-01
1.344718802337379615e-01
1.343632833693420014e-01
1.376726601816021522e-01
1.468575871673927780e-01
1.325122308696120021e-01
1.407896588038498042e-01
1.365540861452415045e-01
