4.613204202822329680e-02
9.111896191159551961e-02
1.014918348025666273e-01
1.046551468861963707e-01
1.046551468861963707e-01
1.246435063278187316e-01
1.246435063278187316e-01
1.462145379381085686e-01
1.462145379381085686e-01
1.563365876661830800e-01
1.663845921271954742e-01
2.124814860718911014e-01
2.124814860718911014e-01
2.124814860718911014e-01
2.124814860718911014e-01
2.124814860718911014e-01
2.124814860718911014e-01
2.235610981831306354e-01
2.235610981831306354e-01
2.235610981831306354e-01
