4.542883091447539462e-02
1.694409270707554482e-01
2.043203811589683616e-01
2.249843413870808162e-01
2.578450240694964424e-01
2.585620157303221145e-01
3.559516968979142826e-01
3.295673545936285143e-01
3.623396959869046863e-01
4.046233128176003335e-01
4.171898233404967016e-01
3.723408048263729397e-01
4.081431662254612069e-01
4.424522961627867512e-01
4.634721881097504936e-01
4.545327982775589359e-01
4.536877638137465363e-01
4.247880849343923515e-01
4.466630004835074885e-01
4.376799632325482081e-01
