2.969043312601327145e-01
3.470177627862551795e-01
3.470177627862551795e-01
3.657297829764198926e-01
4.488244357051006661e-01
4.607370158970424123e-01
4.607370158970424123e-01
5.165760829761758544e-01
5.597245992184785024e-01
5.730267453443645964e-01
6.152481096811373007e-01
6.152481096811373007e-01
6.625806603762872671e-01
6.625806603762872671e-01
6.625806603762872671e-01
6.625806603762872671e-01
6.625806603762872671e-01
6.625806603762872671e-01
6.625806603762872671e-01
6.625806603762872671e-01
