2.962275621899036412e-02
1.800975513013996221e-01
3.900532584319163498e-01
4.099545995815468413e-01
4.287997200422496435e-01
4.431002243330096624e-01
4.723578045542828896e-01
5.173546777605221303e-01
4.933088618485806376e-01
5.501270252081630341e-01
5.600635609957548278e-01
6.000485395648403886e-01
5.693111229923375483e-01
6.012763278131814104e-01
5.734676511495097051e-01
6.192007828359196164e-01
6.273693956573820341e-01
6.559821233685049213e-01
6.790706357694713535e-01
6.606334757655308865e-01
