5.779201458138567560e-01
5.779201458138567560e-01
5.779201458138567560e-01
5.784498829376192308e-01
6.182165429279682378e-01
6.363634583026833713e-01
6.901645266417647528e-01
6.901645266417647528e-01
7.028748523678833848e-01
7.174714387947688232e-01
7.174714387947688232e-01
7.739723920245562550e-01
8.691024744810418312e-01
8.807297919130672170e-01
8.807297919130672170e-01
8.948471767555919998e-01
8.948471767555919998e-01
8.948471767555919998e-01
8.959316265975234561e-01
8.959316265975234561e-01
