5.208934098772388839e-03
4.645160706724382749e-02
1.389698640231963878e-01
3.787380709841160487e-01
4.661562976344919562e-01
4.760219464744640527e-01
4.225092512640181708e-01
5.097292655662204464e-01
5.458090149221775933e-01
5.800272136791241318e-01
5.701019347129587800e-01
4.872967891405625696e-01
5.163606471408385135e-01
5.537094697843510938e-01
4.944952976196200223e-01
4.952970392288168489e-01
5.719203117649616086e-01
5.189758453183117570e-01
5.419390063147769832e-01
4.971784782154250459e-01
