6.464259396626914622e-02
6.175425431589300906e-01
6.442535810624585579e-01
6.516558703397608010e-01
6.557404448712034206e-01
6.640872274630188477e-01
6.941046125318711679e-01
7.024720187478347144e-01
7.092684586832948002e-01
7.092684586832948002e-01
7.151055459366665312e-01
7.198225730950537082e-01
7.198225730950537082e-01
7.198225730950537082e-01
7.260292775758476758e-01
7.346541835035887980e-01
7.346541835035887980e-01
7.346541835035887980e-01
7.346541835035887980e-01
7.383629159008808784e-01
