1.476370630370621093e-02
5.525356768527911466e-02
7.023665915996844811e-02
1.057791481629309499e-01
1.380357420736912089e-01
1.835405081896029911e-01
1.835115661671374299e-01
1.751950848651979420e-01
1.979534348413262979e-01
2.001237395290282328e-01
1.893624978588872576e-01
2.128039648590370481e-01
1.978343890797211180e-01
2.313879114029395723e-01
2.019646848720925425e-01
2.098928559465909061e-01
2.147041302966137266e-01
2.123336984188252674e-01
2.116759387010112015e-01
2.016666961111019118e-01
