8.240887181981493281e-02
1.553149999121904434e-01
2.296058615555662819e-01
2.350606121185860875e-01
2.538799452345522623e-01
2.592753940922167821e-01
2.676350847841615366e-01
2.676350847841615366e-01
2.737774414697027314e-01
2.737774414697027314e-01
2.749017739476504740e-01
2.749017739476504740e-01
2.854606583108462159e-01
2.854606583108462159e-01
2.854606583108462159e-01
2.854606583108462159e-01
2.854606583108462159e-01
2.854606583108462159e-01
2.854606583108462159e-01
2.854606583108462159e-01
