3.815841123376255417e-02
1.623653939109157840e-01
3.151922321558333073e-01
3.779795686091039220e-01
4.624526126887431587e-01
4.506452455299518323e-01
4.465095794838799259e-01
4.607849527354599961e-01
5.252829009832085116e-01
5.572081918745541707e-01
4.914083972005759415e-01
4.334658237823941218e-01
5.508995907183397156e-01
5.133895469340631346e-01
5.281659592584263541e-01
5.217316897569495016e-01
4.724046745224231847e-01
5.233566334037792478e-01
5.321842541981871566e-01
5.662045192189374410e-01
