3.895885272823733647e-01
4.402473903735428795e-01
5.367644273235268049e-01
5.998971489702208393e-01
6.053315551987302756e-01
6.567531625492134539e-01
6.752294787082567806e-01
6.876491251394892812e-01
6.957187894858443133e-01
7.036514082990613650e-01
7.036514082990613650e-01
7.070859220520765431e-01
7.070859220520765431e-01
7.218665741633597532e-01
7.218665741633597532e-01
7.218665741633597532e-01
7.218665741633597532e-01
7.251345468987381304e-01
7.251345468987381304e-01
7.251345468987381304e-01
