5.696613755640406174e-02
2.351184127116636158e-01
4.095782329463329430e-01
5.060342347811597197e-01
5.720907462764803775e-01
5.478671991716194123e-01
6.208090521954303664e-01
6.395722746066614395e-01
6.289452650397394651e-01
6.227495638576836523e-01
5.751891252252816500e-01
6.623820786225993462e-01
6.079106787011623325e-01
6.420311917388128453e-01
5.952553991345854723e-01
6.141090371477246901e-01
6.025060787476161916e-01
6.915488007405683479e-01
5.827686968253871225e-01
6.815545258680827390e-01
