5.708290363016799152e-01
6.097801401894928919e-01
7.848967803798662102e-01
7.848967803798662102e-01
8.331186979555079697e-01
8.331186979555079697e-01
8.600844663742490681e-01
8.600844663742490681e-01
8.600844663742490681e-01
8.600844663742490681e-01
8.600844663742490681e-01
8.600844663742490681e-01
8.600844663742490681e-01
8.600844663742490681e-01
8.600844663742490681e-01
8.600844663742490681e-01
8.600844663742490681e-01
8.600844663742490681e-01
8.600844663742490681e-01
8.749072883288518954e-01
