2.747724612920516771e-02
1.270681663935252226e-01
2.940392108263482629e-01
3.010063786616800074e-01
3.948815094475796039e-01
3.548433124711723452e-01
3.988656768788373941e-01
3.864834755544316880e-01
3.937850035057643416e-01
4.399214550189086137e-01
4.293833683808364610e-01
4.183406185857368453e-01
4.310642690242835195e-01
3.621681075695074026e-01
4.277651753286665359e-01
4.292759626508397264e-01
4.668955072003524442e-01
3.606321237490859311e-01
3.676908138891349376e-01
3.850337864002060240e-01
