3.779118750499829149e-01
3.983456262715412421e-01
4.287911513727732382e-01
5.284549378833354183e-01
5.536655306090452200e-01
5.686570531511848658e-01
5.686570531511848658e-01
5.686570531511848658e-01
5.686570531511848658e-01
5.686570531511848658e-01
5.686570531511848658e-01
5.726426061748239871e-01
5.726426061748239871e-01
5.750044035267853904e-01
5.750044035267853904e-01
5.750044035267853904e-01
5.750044035267853904e-01
5.774340213289942403e-01
5.774340213289942403e-01
5.815322047176374465e-01
