3.664137427140971154e-02
1.184965510282091905e-01
2.220716690384612890e-01
3.069135889873403356e-01
3.920607137432688960e-01
4.278399480883147143e-01
4.505467900624986477e-01
5.010843602521989348e-01
4.784295348411348736e-01
5.154229332068468450e-01
5.150052423570866678e-01
5.689146643825182537e-01
5.738271581213116868e-01
5.933313188955665618e-01
5.525483857797386378e-01
5.890612659205570756e-01
6.163206569652521782e-01
5.515740676487783656e-01
5.645341460675485923e-01
5.394421041766477298e-01
