2.111870460727440779e-01
3.142802457091413704e-01
4.632297474763982237e-01
5.978915938428451815e-01
6.023942212266238938e-01
6.381264464182593299e-01
6.630824834096981091e-01
6.857598002317339958e-01
7.311355871863882694e-01
7.412274159748937219e-01
7.562568920124885796e-01
7.716165712760884032e-01
8.187899846428642325e-01
8.187899846428642325e-01
8.358408072948710910e-01
8.358408072948710910e-01
8.358408072948710910e-01
8.358408072948710910e-01
8.358408072948710910e-01
8.358408072948710910e-01
