2.702425278378007764e-02
1.364353977910111038e-01
2.682429058669447142e-01
3.880360271673820582e-01
4.261371245946401487e-01
4.847640413689019989e-01
5.575798621596426141e-01
6.367437861688421963e-01
6.582745358925847778e-01
5.501514922645753813e-01
6.019991928337449227e-01
6.355274602019536090e-01
6.873180946350267995e-01
6.264203679717407214e-01
6.717795066109228941e-01
6.934566087498736930e-01
6.487989847726903792e-01
6.260779922200617742e-01
6.983958978233755222e-01
6.827540463800415571e-01
