2.424664842392147968e-01
4.820421770437020026e-01
5.374181603342754743e-01
6.869081489996887724e-01
7.106253717049023644e-01
7.255528388833040188e-01
7.751025511583350402e-01
8.184351875259352482e-01
8.276707985902195253e-01
8.276707985902195253e-01
8.538175577387168147e-01
8.587196952852614862e-01
8.780387539507487071e-01
8.802995560264841313e-01
8.954664970747207020e-01
8.954664970747207020e-01
9.013954403180232111e-01
9.028454266049261712e-01
9.070172369151450198e-01
9.124057282264842472e-01
