4.695484346524530367e-02
1.665081755816145148e-01
2.985111874254450792e-01
3.259933983966059046e-01
4.173628637599174351e-01
3.844303894460171511e-01
3.892512491331546198e-01
4.404848721014451018e-01
4.434292021582910692e-01
4.243063799302019268e-01
4.873953670125175108e-01
4.796329804056084223e-01
4.581151343284071698e-01
5.086103140505201514e-01
4.783348525063356727e-01
4.889128610202608805e-01
4.915220970377702225e-01
4.867603625491691011e-01
4.477312305948243920e-01
4.848649377385509385e-01
