3.896989114397382270e-01
3.896989114397382270e-01
4.765768311994555972e-01
4.872151868817962139e-01
5.391086051159046377e-01
5.398881755197062482e-01
5.837538082378467275e-01
6.247974864665905015e-01
6.247974864665905015e-01
6.247974864665905015e-01
6.247974864665905015e-01
6.498501972215763312e-01
6.498501972215763312e-01
6.498501972215763312e-01
6.498501972215763312e-01
6.498501972215763312e-01
6.498501972215763312e-01
6.549406525168239845e-01
6.549406525168239845e-01
6.549406525168239845e-01
