4.699349344709872339e-02
1.714758371639733547e-01
3.487310955825079217e-01
5.069355780567291747e-01
5.896041084707390745e-01
5.485244667693895959e-01
5.813559140169131112e-01
5.810341917797512412e-01
5.965786116789499882e-01
5.898487127761040671e-01
5.681622751620785117e-01
6.085181563967025919e-01
6.064201825438552129e-01
6.303140680959925524e-01
6.170010881027628846e-01
5.818993763769706451e-01
6.680541242526041312e-01
5.948019420186765327e-01
6.898850859423264481e-01
6.854315169618760972e-01
