5.715924258821882820e-01
5.923829427477239618e-01
6.668260411652798814e-01
7.246473977197543936e-01
7.404606828498779825e-01
7.404606828498779825e-01
7.442082353221208812e-01
8.157175458361352050e-01
8.157175458361352050e-01
8.226109268492570736e-01
8.226109268492570736e-01
8.226109268492570736e-01
8.226109268492570736e-01
8.226109268492570736e-01
8.226109268492570736e-01
8.226109268492570736e-01
8.226109268492570736e-01
8.226109268492570736e-01
8.226109268492570736e-01
8.226109268492570736e-01
