3.558136318934090186e-02
1.618519217404053578e-01
2.425496190333785995e-01
3.167542266518056371e-01
3.343200594164997819e-01
3.790271231725306778e-01
4.486768118926997562e-01
5.292278462452706389e-01
5.228446647219743282e-01
4.712690785938354887e-01
4.676097783601482760e-01
4.933202673743144473e-01
4.568530354527576276e-01
5.725952657884217922e-01
5.790416042485494463e-01
6.201560653274704737e-01
5.761621322991341554e-01
6.423963210092723530e-01
6.358861747906088269e-01
6.468534543313884111e-01
