3.188767304636338507e-01
3.807456191355812480e-01
4.633713485807209320e-01
5.240796611522020587e-01
5.656908933772862857e-01
7.295702750689927463e-01
7.735466504697531276e-01
7.824482553043635713e-01
7.824482553043635713e-01
7.884463196458428857e-01
7.884463196458428857e-01
7.992728253484383538e-01
7.992728253484383538e-01
8.518589929129748439e-01
8.538128490901795153e-01
8.543905225247683255e-01
8.800379105646808364e-01
8.800379105646808364e-01
8.800379105646808364e-01
8.800379105646808364e-01
