3.771312259815819828e-02
1.498408572304112396e-01
2.444212649466678822e-01
2.563435778227985407e-01
2.922362117020295136e-01
3.876229709587000194e-01
3.881620033406498749e-01
4.203316485996912988e-01
5.096149766206954368e-01
4.782860234351756779e-01
5.353320380844464044e-01
4.997024501239472061e-01
4.294486387136818850e-01
5.110720155306380796e-01
5.437643162640559691e-01
4.286623519847655439e-01
4.642514054549978231e-01
4.749859622466191533e-01
5.019813391030636396e-01
5.099888583316231072e-01
