3.616836613642209208e-01
3.775891380162343935e-01
4.386632037591975397e-01
5.159187638162595624e-01
7.115608858122575153e-01
7.115608858122575153e-01
7.204508879996422976e-01
7.204508879996422976e-01
7.204508879996422976e-01
7.204508879996422976e-01
7.204508879996422976e-01
7.204508879996422976e-01
7.204508879996422976e-01
7.204508879996422976e-01
7.204508879996422976e-01
7.204508879996422976e-01
7.204508879996422976e-01
7.204508879996422976e-01
7.204508879996422976e-01
7.204508879996422976e-01
