1.169818235943738058e-02
5.456726725619077956e-02
1.679008684473831947e-01
2.405894799046371657e-01
2.405729516383442734e-01
2.615851268356635950e-01
2.946919574562819610e-01
3.012795942298724938e-01
3.323780474708400434e-01
3.762278044287504786e-01
2.960844252720103431e-01
3.276041168018676286e-01
3.589532276167285429e-01
3.676997411595259169e-01
3.733830920328211067e-01
4.293557147525463025e-01
4.045346352074271623e-01
3.231229618287799754e-01
3.565122112297153811e-01
3.818198165815638312e-01
