2.541447537951176949e-01
2.559825824170431918e-01
2.841655843589501185e-01
2.841655843589501185e-01
4.233795133630031682e-01
4.233795133630031682e-01
4.392607350064559046e-01
4.804053647007819894e-01
4.804053647007819894e-01
4.940895260641666731e-01
5.050779626021314472e-01
5.050779626021314472e-01
5.050779626021314472e-01
5.050779626021314472e-01
5.175117492197891522e-01
5.377444891338134525e-01
5.377444891338134525e-01
5.377444891338134525e-01
5.377444891338134525e-01
5.377444891338134525e-01
