1.694820851277903297e-03
1.074561019244577378e-02
2.948930535435438996e-02
5.900435685448111867e-02
1.207727325863560547e-01
1.412416094987218318e-01
1.738633187624059329e-01
2.071024125654576942e-01
2.904400327434180085e-01
3.447872255890156445e-01
3.446614011127114852e-01
3.427165437123519398e-01
3.651906415629772029e-01
3.293189340336210025e-01
3.599285654794170952e-01
3.809996494295218028e-01
3.022881088575063435e-01
3.244591146765921641e-01
3.513709737307266767e-01
3.449240489247954455e-01
