2.177531414939837262e-02
5.420843309372380681e-02
1.639302557233441870e-01
1.825588120285228655e-01
2.264376611932678030e-01
2.639162966461818804e-01
3.839653105270161015e-01
4.877091086125666664e-01
4.877091086125666664e-01
5.029771521371406706e-01
5.029771521371406706e-01
5.326855131074966776e-01
5.339215233298378882e-01
5.355239370797606480e-01
5.355239370797606480e-01
5.355239370797606480e-01
5.355239370797606480e-01
5.397262706485007611e-01
5.397262706485007611e-01
5.397262706485007611e-01
