1.731160792455756561e-02
5.812384325925492451e-02
1.112028899220371542e-01
2.106344738650484383e-01
3.099033393213874166e-01
4.006871682217871822e-01
4.104734679953757626e-01
4.222754373340243395e-01
4.874564334968668478e-01
5.234843898659242711e-01
4.997949092005121718e-01
5.232617141948103789e-01
5.734261154974906738e-01
5.375591639640109332e-01
5.907691800283692007e-01
5.570248665563058976e-01
6.080307942677669608e-01
6.209970827347290889e-01
5.512369249968134266e-01
5.871722455224759329e-01
