1.600029076994731181e-01
2.064385954411751545e-01
4.054749191002851028e-01
4.914851429147175654e-01
5.137410788324836552e-01
5.951848085997749616e-01
6.828068048382099908e-01
6.828068048382099908e-01
6.862936239177855891e-01
6.917436949334918594e-01
7.251416380187889477e-01
7.469197339415277748e-01
7.698204415082144925e-01
7.706338751852799263e-01
7.765200094633106787e-01
8.025000295066363476e-01
8.025000295066363476e-01
8.025000295066363476e-01
8.025000295066363476e-01
8.025000295066363476e-01
