1.468856989832299786e-02
4.052081435596067982e-02
1.730119712317207958e-01
2.586585462878855934e-01
3.075625162104166366e-01
3.432541627295727649e-01
3.968509186580793657e-01
5.293713694488728638e-01
6.273306225270991465e-01
6.701512872153430056e-01
4.846120536800356815e-01
5.874818173148901312e-01
6.034877999209584676e-01
5.870729025078385011e-01
6.787380490699556068e-01
6.619384190315713568e-01
5.758311512573965896e-01
5.467122191024218480e-01
5.738662688892295360e-01
7.095982536299971777e-01
