3.257888343131477571e-01
3.458801217333173916e-01
4.075602023639174343e-01
4.525821203192984532e-01
4.862793057223824267e-01
7.100743676873509935e-01
8.035464832958210124e-01
8.278603188460977869e-01
8.280741477742791234e-01
8.683142006595229168e-01
8.683142006595229168e-01
8.754134776120349182e-01
8.754134776120349182e-01
8.822668572019412014e-01
8.822668572019412014e-01
9.101582714947484831e-01
9.101582714947484831e-01
9.101582714947484831e-01
9.101582714947484831e-01
9.101582714947484831e-01
