2.871514135410600452e-02
1.238125539926362012e-01
2.428379269376325367e-01
2.899770363949976115e-01
3.021957466183930463e-01
2.998318269358096755e-01
3.210516793591309259e-01
2.850879889102957976e-01
3.275252989297819384e-01
3.036178617770728394e-01
3.172044115195050695e-01
3.393668669128686588e-01
3.360441637640924628e-01
3.221377545340770032e-01
3.328063115170176722e-01
3.262148367034337637e-01
2.994522414825274703e-01
3.030038411660496145e-01
3.193079153455086194e-01
3.125354987552834141e-01
