2.943078375793022339e-01
2.943078375793022339e-01
3.693743717865516363e-01
3.773343879407513590e-01
3.821393299294144619e-01
3.838055320546889249e-01
3.864834793375166999e-01
3.864834793375166999e-01
3.967605168844997587e-01
4.057782246884089616e-01
4.057782246884089616e-01
4.092907930569069652e-01
4.092907930569069652e-01
4.117361178854339610e-01
4.117361178854339610e-01
4.117361178854339610e-01
4.129091688429562534e-01
4.129091688429562534e-01
4.129091688429562534e-01
4.129091688429562534e-01
