2.397275299878379520e-02
1.095719127953512090e-01
2.759000895514607254e-01
3.888911382204506273e-01
5.204089528709134882e-01
5.601907576959110902e-01
5.548558572327385585e-01
4.547312098849544126e-01
5.438743087052647640e-01
5.643326545117720583e-01
5.945975820182161087e-01
5.935383999652535936e-01
6.086157151699087553e-01
5.703903350363397351e-01
5.709517257795987399e-01
6.637511420538133589e-01
5.863137575284984582e-01
6.531712023893927466e-01
6.411362199740284762e-01
6.167769073779656441e-01
