3.457215528146558858e-01
5.279131723306822455e-01
6.117672461878980172e-01
6.489107163389962185e-01
6.863396722705926711e-01
6.943701876321848321e-01
7.235130934906861544e-01
7.479543555086475282e-01
7.523604281000623173e-01
7.536931239948295724e-01
7.868513129379859361e-01
7.890703497086409834e-01
7.941292473433547716e-01
7.941292473433547716e-01
8.003261019734833059e-01
8.003261019734833059e-01
8.034915362226463520e-01
8.034915362226463520e-01
8.060130342747100496e-01
8.060130342747100496e-01
