8.315731312173313058e-03
5.061444112430422276e-02
1.701963165787354348e-01
3.317976863211811178e-01
3.904742993855340738e-01
3.144243870942291519e-01
3.653759058294824280e-01
3.831321074024723328e-01
4.293073039537260160e-01
4.194748615538726466e-01
4.356254790207680361e-01
4.456548353189971889e-01
4.753461991308204904e-01
4.642572250411692858e-01
4.479424985257603464e-01
4.844077886457885396e-01
4.733945044235198796e-01
4.777632564947371097e-01
4.829417717802644283e-01
4.495963588260772914e-01
