9.916407368189839033e-02
5.256787808611483870e-01
5.256787808611483870e-01
5.269985072916497648e-01
5.269985072916497648e-01
5.269985072916497648e-01
6.048496452111734589e-01
6.048496452111734589e-01
6.075431643819902972e-01
6.075431643819902972e-01
6.075431643819902972e-01
6.169005721514276841e-01
6.361148148244267775e-01
6.361148148244267775e-01
6.361148148244267775e-01
6.361148148244267775e-01
6.361148148244267775e-01
6.361148148244267775e-01
6.361148148244267775e-01
6.361148148244267775e-01
