1.721206733097794747e-02
6.863009311257042833e-02
1.161508310271140293e-01
1.497202930298062729e-01
1.826347676538307985e-01
2.185519330134792493e-01
2.861864602858965601e-01
2.833664998388275569e-01
2.890669046073862658e-01
2.907197678391413298e-01
3.646652355130043377e-01
3.478493164160474937e-01
3.549010617678942658e-01
4.513082580329667581e-01
4.602978945058825433e-01
4.962519871406551042e-01
5.176955078060202498e-01
4.662627721787616641e-01
5.267858563819918238e-01
5.216662713515212157e-01
