1.749820772390029422e-01
1.969808541317246142e-01
2.319596399475640780e-01
2.648240752474003701e-01
3.277700453590757235e-01
4.112442935064579697e-01
4.460635380394597505e-01
4.618369432797939655e-01
4.695088529238344854e-01
5.154841536990454332e-01
5.397919600280963737e-01
6.198521621079425836e-01
6.763308079582172061e-01
6.763308079582172061e-01
6.865614075316991416e-01
6.865614075316991416e-01
7.144132932226888721e-01
7.144132932226888721e-01
7.144132932226888721e-01
7.709519218380429528e-01
