1.424526602016181961e-02
5.742463341055581427e-02
5.929357463332083494e-02
8.251387642165539105e-02
9.979232032195432811e-02
1.032346452369623940e-01
1.419396849532179594e-01
1.840603451525520406e-01
2.059381809295303400e-01
2.006135564549630934e-01
1.942199925281845874e-01
1.901791498903406263e-01
2.473330012244326637e-01
2.060999516108584229e-01
2.248967154674292868e-01
2.212317764519056151e-01
1.903804149817898972e-01
2.407074182979603572e-01
2.040641180858503156e-01
2.115777109735407502e-01
