8.531959645718956153e-02
9.915070083333543671e-02
1.171715256111967030e-01
1.183634401541318049e-01
2.586851575541515569e-01
2.639508457769621508e-01
2.639508457769621508e-01
2.781174034362224878e-01
2.781174034362224878e-01
2.890238848388581028e-01
2.890238848388581028e-01
2.926685101322863414e-01
2.926685101322863414e-01
2.944686370196181180e-01
2.958532290067372728e-01
2.982474091017066620e-01
2.996054467896149820e-01
2.996054467896149820e-01
2.996663792810463356e-01
2.997394625987542804e-01
