5.602087477356916534e-02
3.090517281744526445e-01
4.579742013827509117e-01
5.244292913177757143e-01
6.202752014799524094e-01
6.097279935101549420e-01
6.222909783094048297e-01
6.597241447170486550e-01
6.073621757349944028e-01
6.217795543207715880e-01
5.888860714996224655e-01
6.118080549645883437e-01
6.387604391243926205e-01
7.223193387265028909e-01
7.004500028184936777e-01
6.612536877956620707e-01
7.042956681379761719e-01
6.040087393979337582e-01
6.720045419886285787e-01
6.845740349821856086e-01
