6.203226692419108179e-01
7.410408089099956852e-01
7.410408089099956852e-01
7.776378340953944424e-01
7.776378340953944424e-01
8.038895752390791127e-01
8.231535021590378198e-01
8.344694278039607171e-01
8.555075488773968839e-01
8.805161293815629842e-01
8.805161293815629842e-01
8.805161293815629842e-01
8.805161293815629842e-01
8.807160791602250960e-01
8.807160791602250960e-01
8.807160791602250960e-01
8.807160791602250960e-01
8.834003176172769978e-01
8.834003176172769978e-01
8.834003176172769978e-01
