3.877761196174631803e-02
1.196083360735743784e-01
2.018209233114997281e-01
2.708351376154253254e-01
2.714548943411978499e-01
2.991258856693657653e-01
3.670149432709582937e-01
4.202530913326454898e-01
4.609986980803545409e-01
4.552756560798820185e-01
5.082309816614978271e-01
5.277947720779959662e-01
5.018902725245436569e-01
5.473764331134102212e-01
5.627671286765842940e-01
6.156281142587434196e-01
5.346632497495760195e-01
6.019156220153766279e-01
5.584696840937878326e-01
5.645910836442429304e-01
