3.005368388306919325e-01
3.607735401048348667e-01
3.640658298454537700e-01
3.896456337732890907e-01
4.235682370488373927e-01
4.687252422767811399e-01
5.282791620607193428e-01
5.997173399034180230e-01
6.262007057867952087e-01
6.582212686418533742e-01
6.876196879423787101e-01
6.876196879423787101e-01
7.032630071921209813e-01
7.155405173897009252e-01
7.369536716662795639e-01
7.369536716662795639e-01
7.445941384487823056e-01
7.445941384487823056e-01
8.560010769833641397e-01
8.560010769833641397e-01
