4.364081448415015052e-02
1.545629731434691179e-01
3.084374026304081973e-01
3.601704812127698441e-01
4.063029891883819245e-01
4.877605535431863149e-01
5.321852725236675408e-01
5.632248526300965841e-01
5.315490798658624172e-01
5.752378564671433159e-01
5.870636877248447405e-01
5.317463715582413375e-01
5.973972743877389302e-01
5.591405673540570387e-01
6.029234966549458230e-01
5.863483315301094567e-01
6.120680926326360627e-01
5.461338038878802426e-01
5.986086313020699823e-01
5.739263861067811501e-01
