3.942168999969000165e-01
4.311393335591576781e-01
5.661775418031564922e-01
6.192648267832032705e-01
6.602842957422695447e-01
7.748400794890677457e-01
7.748400794890677457e-01
7.886092782197605677e-01
7.886092782197605677e-01
7.886092782197605677e-01
7.886092782197605677e-01
7.886092782197605677e-01
7.901427320619365258e-01
7.943771293831852764e-01
8.033454664290663461e-01
8.033454664290663461e-01
8.033454664290663461e-01
8.105576181910714162e-01
8.105576181910714162e-01
8.105576181910714162e-01
