3.904144208968836349e-02
9.743367153087820198e-02
1.121548370694829266e-01
1.184571805705737779e-01
1.575958804113528067e-01
1.708869283186298382e-01
1.594168903799921266e-01
1.870889805687702689e-01
1.638001571353500940e-01
1.948443938389670116e-01
1.808230307365302769e-01
1.766317023651412244e-01
2.062277964871098435e-01
1.974648503022637391e-01
1.892691676349481933e-01
2.049115263003904452e-01
1.868379512366361295e-01
1.876395233727926048e-01
1.731366957394196437e-01
1.827015128447192216e-01
