1.560889513921914773e-01
1.560889513921914773e-01
1.815747272388079647e-01
2.012394257243880213e-01
2.045069622121468145e-01
2.129181916469014002e-01
2.172178219356006856e-01
2.227408566005375512e-01
2.305932407308334264e-01
2.305932407308334264e-01
2.347403107184650173e-01
2.389397501803869339e-01
2.392738669180912714e-01
2.392738669180912714e-01
2.392738669180912714e-01
2.417824449057826008e-01
2.454467139643490281e-01
2.473074249370591504e-01
2.481115855245480395e-01
2.481115855245480395e-01
