1.647985074337574019e-02
6.020249431439259752e-02
1.505825879740050888e-01
2.117431897664993345e-01
2.624680167041680834e-01
3.275997978259351240e-01
4.851662685250046070e-01
5.307362187640293216e-01
5.642378614130820758e-01
4.872557391484136358e-01
4.750784212540032914e-01
4.855827199585721066e-01
6.428200449144646500e-01
6.001810919393580912e-01
6.333217565873621169e-01
6.519823023170528975e-01
5.616341328093069629e-01
6.337302870660894705e-01
6.156378912894415745e-01
6.471018355868386474e-01
