1.875732189878303036e-01
2.271244706388001466e-01
3.394832630490816072e-01
4.318259551338335944e-01
5.740448069834611644e-01
6.204079284306694975e-01
7.540709660224458322e-01
7.540709660224458322e-01
7.796304402103497733e-01
7.924516448577689776e-01
7.966287680600465659e-01
8.084480566769931542e-01
8.138644868235108687e-01
8.250145230925720607e-01
8.420685160799994406e-01
8.666199119075606028e-01
8.913951315139824194e-01
8.913951315139824194e-01
8.913951315139824194e-01
8.913951315139824194e-01
