2.665904816279551955e-03
1.285742327483613626e-02
4.333376866682266126e-02
5.826724524626165913e-02
7.312556124261029855e-02
7.682969679834403265e-02
8.923831526353512289e-02
9.608783967472506182e-02
8.536744910577834244e-02
1.029993148986292351e-01
1.569760068442422329e-01
1.745961503954221450e-01
1.777876033694693603e-01
1.923466084401850296e-01
1.637951066472363715e-01
2.223070048386429076e-01
2.018277915775149312e-01
2.100615766963596920e-01
2.381072329610979810e-01
1.980397310577451664e-01
