6.176447352590708206e-02
6.199643346128969057e-02
9.247741471290471527e-02
1.103527200540133091e-01
1.128690842813994122e-01
1.167115705645231927e-01
1.167115705645231927e-01
2.322613812909826159e-01
2.622941858727924069e-01
2.622941858727924069e-01
2.734720897522150418e-01
2.734720897522150418e-01
2.734720897522150418e-01
2.965712094444095115e-01
2.965712094444095115e-01
3.044087656513431162e-01
3.044087656513431162e-01
3.044087656513431162e-01
3.235873976664391805e-01
3.637132487140029014e-01
