9.360880966467413286e-03
4.789251915872037857e-02
1.427638089731992077e-01
2.374157487557655988e-01
3.208345698224321918e-01
4.047299340381593780e-01
5.026769841639101566e-01
5.012895265125519861e-01
4.993449399186703497e-01
5.112749354811187974e-01
5.721037484941391416e-01
5.185483820520447873e-01
5.085941305658613354e-01
5.665489287324477763e-01
5.691329085733627391e-01
5.510960995480876923e-01
5.426294176048829243e-01
5.570281829431337206e-01
5.629580718936569861e-01
5.900132060734538664e-01
