2.180219869966171231e-01
3.443124568097766236e-01
3.706789977297115790e-01
5.752035156109726044e-01
5.807737913386349371e-01
6.118431492857880905e-01
6.433391754804050899e-01
6.732543281713604388e-01
6.732543281713604388e-01
6.785544428987635435e-01
7.253955945763592705e-01
7.657203820075810796e-01
7.657203820075810796e-01
7.657203820075810796e-01
7.657203820075810796e-01
7.657203820075810796e-01
7.657203820075810796e-01
7.821350064612881958e-01
7.821350064612881958e-01
7.821350064612881958e-01
