6.526016516886082482e-03
2.564779908169169745e-02
9.349193240108857883e-02
1.689489449583252423e-01
1.933898114157549808e-01
2.486510840423836188e-01
2.763378973772856462e-01
2.584400707675452713e-01
3.018390723378282514e-01
2.726607503663823207e-01
3.258346201499698891e-01
3.039736610271632777e-01
3.083807767579800907e-01
2.915323048035366460e-01
3.163784611797758051e-01
2.687618649078324928e-01
2.688245680909300828e-01
2.819188177545546847e-01
3.028891105398004990e-01
2.642021001558797488e-01
