1.960045234789629109e-01
2.548880802289104075e-01
2.774660259035566234e-01
3.250120103719009723e-01
3.826372168022111886e-01
3.861632078531889167e-01
3.880096884574844029e-01
4.091732393411156021e-01
4.207406107107951598e-01
4.207406107107951598e-01
4.207406107107951598e-01
4.242294887841870921e-01
4.242294887841870921e-01
4.274635007499488770e-01
4.305327323576633169e-01
4.305327323576633169e-01
4.305327323576633169e-01
4.305327323576633169e-01
4.307470533933095425e-01
4.309201954686988634e-01
