4.839272782021717539e-02
1.725453834375623718e-01
1.935237102630291695e-01
1.957296232419305504e-01
2.138670520090627802e-01
2.334360211328529999e-01
2.452756307924653656e-01
2.749494521647595224e-01
3.254254300806240230e-01
3.115599163413259043e-01
3.357584618737064486e-01
3.081643219001212741e-01
3.514628737570952288e-01
3.003998815670956835e-01
3.586290806323289004e-01
3.605842931378804850e-01
3.434723175779366144e-01
3.045677233024789987e-01
3.171378933470953010e-01
3.676429800719178687e-01
