2.385169781451708104e-01
2.411315623679582965e-01
2.434993878019887648e-01
2.815899296339099411e-01
2.946356899605173663e-01
3.238356387901070166e-01
3.991857161086014294e-01
3.991857161086014294e-01
4.009581875137284701e-01
4.033294610984975437e-01
4.205511379012520923e-01
4.224031582162502962e-01
4.253855744898369373e-01
4.276178330450616238e-01
4.276178330450616238e-01
4.297117887166205241e-01
4.634305427313073489e-01
4.681612754275765731e-01
4.696936089185126395e-01
4.696936089185126395e-01
