3.271966120784204624e-02
1.811516810511884790e-01
3.510719247524416997e-01
4.298022820799330401e-01
4.517362821402290396e-01
4.373871489396727874e-01
4.452472322037623331e-01
5.150046282885549775e-01
4.453863265410585859e-01
4.546317813323402790e-01
5.112990322353190287e-01
5.486460269919740673e-01
4.789414875328296128e-01
4.738226682681794810e-01
4.856901134235595552e-01
4.345062441127586217e-01
5.468054274528022507e-01
4.907278209175345296e-01
5.381601012392026595e-01
5.073918116365598863e-01
