3.974973766729301694e-01
5.979268408432606430e-01
5.979268408432606430e-01
6.262003589558897687e-01
6.262003589558897687e-01
6.947231375047260293e-01
6.947231375047260293e-01
7.239903202794104597e-01
7.239903202794104597e-01
7.239903202794104597e-01
7.261977181890022504e-01
7.261977181890022504e-01
7.469152956598358317e-01
7.469152956598358317e-01
7.469152956598358317e-01
7.469152956598358317e-01
7.469152956598358317e-01
7.469152956598358317e-01
7.469152956598358317e-01
7.469152956598358317e-01
