3.467634957901712806e-02
1.644501782427918446e-01
3.471425253948646761e-01
3.197314963974745017e-01
5.521773303958557033e-01
5.323281194268478789e-01
6.470407056319469330e-01
5.962673266597333654e-01
6.566807840480513025e-01
5.263058730453724632e-01
6.102679886375742546e-01
6.274711221388165061e-01
5.539222633329938805e-01
5.181839525337477159e-01
6.848022813855496604e-01
6.216738563803809736e-01
5.467214411062986112e-01
6.153589483913590730e-01
6.757974573188724188e-01
5.874919184024312013e-01
