4.968889499259709908e-01
5.760084903787219268e-01
7.050248828617587948e-01
7.970896088485630582e-01
8.103193348093279402e-01
8.103193348093279402e-01
8.297349016097184116e-01
8.297349016097184116e-01
8.297349016097184116e-01
8.349191821332009322e-01
8.355568553507292107e-01
8.617660620758569312e-01
8.617660620758569312e-01
8.617660620758569312e-01
8.617660620758569312e-01
8.769595341139588829e-01
8.769595341139588829e-01
8.798135768379553578e-01
8.798135768379553578e-01
8.798135768379553578e-01
