2.745416442635623122e-03
1.683972765455975934e-02
4.807921135264149604e-02
7.888450069898773898e-02
1.134096404925405421e-01
1.702410494671885988e-01
2.253962681539630475e-01
3.169668384989734466e-01
3.966151803121786279e-01
4.636058199669060853e-01
4.514205433290005010e-01
4.689692285588279441e-01
4.585803264306755334e-01
4.871752633381715714e-01
4.793364116544188702e-01
5.389023136776709411e-01
5.456937821186926829e-01
4.722689201106861079e-01
5.115883907096060446e-01
5.318194514756744429e-01
