4.747175660071922820e-02
8.060365146935388747e-02
1.447616859852380866e-01
1.503463806627290955e-01
2.963618760254158602e-01
3.913828837435733288e-01
5.478480924460856771e-01
6.566957384424033650e-01
6.630414336460341840e-01
6.730958837669213102e-01
7.213497804821611403e-01
7.624782352853342049e-01
7.624782352853342049e-01
7.624782352853342049e-01
7.624782352853342049e-01
7.666788897121170621e-01
7.866368944349201309e-01
7.960024554057774093e-01
7.960024554057774093e-01
7.960024554057774093e-01
