2.934418946710508694e-02
1.487098142223527153e-01
2.377492756467608770e-01
2.391937099628858032e-01
3.235034671338996581e-01
3.954521478957490066e-01
4.006866220655817545e-01
3.835554244004183433e-01
4.258637957066342961e-01
4.249445420225488879e-01
4.047114020279728441e-01
4.038141728478635284e-01
3.940182124371512939e-01
4.362086095560515631e-01
4.401414472040164894e-01
4.798109964849242570e-01
4.660913195059236958e-01
4.154789887819763661e-01
4.490752154720866196e-01
4.798929035307876179e-01
