3.103865452711886963e-01
3.103865452711886963e-01
4.453845446443199796e-01
4.982416749478671969e-01
5.551849611538882678e-01
6.000309051867569465e-01
6.000309051867569465e-01
6.000309051867569465e-01
6.000309051867569465e-01
6.000309051867569465e-01
6.000309051867569465e-01
6.000309051867569465e-01
6.015637613867227396e-01
6.053237119250504117e-01
6.418670821865072318e-01
6.418670821865072318e-01
6.418670821865072318e-01
6.418670821865072318e-01
6.418670821865072318e-01
6.418670821865072318e-01
