3.526395573692347844e-03
2.546644140354479419e-02
5.674716814711240620e-02
9.531552621277782078e-02
1.658195966302769275e-01
2.139229377362585893e-01
2.660371889828763714e-01
2.786184885892306617e-01
2.666658922103085638e-01
3.183215015091065969e-01
3.111524687172308457e-01
2.849854583675600073e-01
2.755261585469870877e-01
3.090586815498531648e-01
3.110992813457879591e-01
2.949120405442099413e-01
3.018337119475074104e-01
3.052432386941948406e-01
2.844920463452220716e-01
3.105130662279388942e-01
