5.796517371578779887e-02
1.122936362129808296e-01
1.969340052231884908e-01
2.269093826969036387e-01
4.133125451021465446e-01
4.133125451021465446e-01
4.256957247373216457e-01
4.281984661116322588e-01
4.296260598151228072e-01
4.300318613219712427e-01
4.302862858935092571e-01
4.317722841386466559e-01
4.317722841386466559e-01
4.337275605400920941e-01
4.337275605400920941e-01
4.337275605400920941e-01
4.337275605400920941e-01
4.354821758559819234e-01
4.354821758559819234e-01
4.354821758559819234e-01
