5.044812969301430694e-02
1.227306336681850824e-01
1.851671132779632301e-01
2.016704645295573362e-01
2.045204660293004351e-01
2.222253084771598497e-01
2.105778167317526317e-01
2.188826984445801094e-01
2.206093596726150241e-01
2.435800072452873333e-01
2.546166607613969957e-01
2.611920188328384906e-01
3.087357558132852176e-01
3.451865871985543843e-01
3.696594667325280303e-01
3.839772153663983389e-01
3.773114957949375570e-01
3.767873958470888129e-01
3.869399895703589110e-01
3.583163004105943683e-01
