2.046388986718512548e-01
2.317028679981818495e-01
2.337504899782953949e-01
2.379332726104810281e-01
2.472377307610384989e-01
2.503203647439513624e-01
2.721447665074521183e-01
2.721447665074521183e-01
2.765482197091535532e-01
4.273164898055419325e-01
4.275896563752847879e-01
4.525249998792817419e-01
4.654589483532538541e-01
4.685162001648438546e-01
4.894356466083104040e-01
4.919384209464280344e-01
4.930887498041509609e-01
4.981247114676115029e-01
4.988274039201984200e-01
4.994747354521407168e-01
