4.307620481456042594e-02
1.349656028547633613e-01
2.638499966258168739e-01
3.238360276695433915e-01
3.962362914009737169e-01
3.916099123083384148e-01
4.463407476659729811e-01
4.111903559107322748e-01
5.204273630954624474e-01
5.409596439419777081e-01
5.375803322677882301e-01
5.584118307451179097e-01
5.013439921125740772e-01
5.005120127151668763e-01
5.223175932545425226e-01
4.441304460015478850e-01
5.195864877724792885e-01
4.843498530328116947e-01
4.798267743657513296e-01
5.096259444436880282e-01
