3.510651293535720363e-01
3.510651293535720363e-01
5.713714627907138244e-01
6.000491309170096210e-01
6.200480974643430843e-01
6.207968161683016239e-01
6.632822493351085980e-01
7.101703440100424203e-01
7.101703440100424203e-01
7.163383733338914983e-01
7.163383733338914983e-01
7.412555874780193399e-01
7.412555874780193399e-01
7.644415744803975121e-01
7.644415744803975121e-01
7.644415744803975121e-01
7.644415744803975121e-01
7.644415744803975121e-01
7.644415744803975121e-01
7.644415744803975121e-01
