1.916614591910961035e-02
1.058846735666059136e-01
3.183803850888400899e-01
4.057897006630150072e-01
4.106124919611293111e-01
4.514608747858373516e-01
5.198461477234280759e-01
5.330576337674081122e-01
4.523258063536008677e-01
5.301857410364370082e-01
5.934976107150922164e-01
5.600854274019353429e-01
4.957736657403054581e-01
5.124671904384330290e-01
4.941924664627842523e-01
5.280624899080281764e-01
5.877991576681400598e-01
6.271660853001558289e-01
5.873707711453161062e-01
5.817122204661429041e-01
