4.036999618063332740e-01
4.592848816510497478e-01
6.245900146715062107e-01
6.245900146715062107e-01
6.753745445717788121e-01
6.830210056909538086e-01
7.326196705807108689e-01
7.326196705807108689e-01
7.500929040085398958e-01
7.620974662687450829e-01
7.620974662687450829e-01
7.620974662687450829e-01
7.774635614816413076e-01
7.774635614816413076e-01
7.866453482006824371e-01
8.214585344189463401e-01
8.214585344189463401e-01
8.239849129045674347e-01
8.239849129045674347e-01
8.239849129045674347e-01
