4.343695323450132151e-02
1.680027257004959307e-01
2.018122786914949285e-01
3.183363753532681417e-01
3.697117182276797864e-01
4.893685486618801761e-01
5.609423158244817298e-01
5.755946697440419424e-01
5.853110114409547649e-01
6.965005582681524920e-01
6.355068809712756117e-01
7.193638597299717441e-01
6.380606050058746925e-01
6.585681460765195894e-01
6.441364329239195330e-01
6.963704756864483869e-01
6.373481274450517597e-01
6.632630242099002427e-01
6.069967117645441723e-01
6.333021492453202450e-01
