2.757898599504857717e-01
3.782678315955807502e-01
4.126078721722011844e-01
5.990622129308174060e-01
6.114045207652726299e-01
8.336279134411308522e-01
8.340222241465635733e-01
8.647605252395881292e-01
8.647605252395881292e-01
8.735405075262258068e-01
8.792556785339805669e-01
8.830460659309418148e-01
8.830460659309418148e-01
8.830460659309418148e-01
8.830460659309418148e-01
8.830460659309418148e-01
8.830460659309418148e-01
8.830460659309418148e-01
8.830460659309418148e-01
8.830460659309418148e-01
