2.528667782678960599e-02
1.076505287777012321e-01
2.947604880667517024e-01
3.047425953771495388e-01
3.251206482995392943e-01
3.214716056373142505e-01
3.692718698831476964e-01
3.301374893081716055e-01
3.354097392264031585e-01
3.767784516410577211e-01
3.492332602547135734e-01
3.681129494939322511e-01
3.403343718286038766e-01
3.663933817770842483e-01
3.415815720189936400e-01
3.235761238917040927e-01
3.669761918876859874e-01
3.482619982170488404e-01
3.674505296726888193e-01
3.262292784158147829e-01
