3.531744092011608327e-01
3.601088272965622394e-01
4.169423408885239990e-01
4.172741132077275594e-01
4.231100602530821764e-01
4.271640270410062001e-01
4.300878346166484567e-01
4.330724014018041412e-01
4.330724014018041412e-01
4.330724014018041412e-01
4.330724014018041412e-01
4.330724014018041412e-01
4.361365169225761562e-01
4.368780671059813159e-01
4.372104265790365263e-01
4.394198934413579005e-01
4.394198934413579005e-01
4.394198934413579005e-01
4.394198934413579005e-01
4.394198934413579005e-01
