3.142464764912389266e-03
1.071479715419901800e-02
3.315869376086583858e-02
5.923886042909385502e-02
7.841330239960860038e-02
9.258696686281837895e-02
1.432325744710930826e-01
2.118071775717161320e-01
3.008222708439801663e-01
4.043832963748771325e-01
4.945316590598624051e-01
4.749719644524027506e-01
4.450278256935261689e-01
4.333812151623329112e-01
4.653377609627259437e-01
4.041028573434036764e-01
4.349166602954389615e-01
4.468185994228918156e-01
4.661231030386954188e-01
4.890988469618277046e-01
