6.399875512608443895e-02
6.399875512608443895e-02
1.104067809114296361e-01
1.104067809114296361e-01
1.778318854534667315e-01
2.292056396608632696e-01
3.465638414589633509e-01
6.011336445777885062e-01
6.210742257006485190e-01
6.570546229002721672e-01
6.570546229002721672e-01
6.570546229002721672e-01
6.570546229002721672e-01
6.570546229002721672e-01
6.570546229002721672e-01
6.570546229002721672e-01
6.570546229002721672e-01
6.570546229002721672e-01
6.570546229002721672e-01
6.570546229002721672e-01
