4.998586736361406574e-02
1.902886133214660158e-01
2.462234750140176176e-01
2.875336348075784865e-01
3.509645705569489071e-01
3.799292921058379791e-01
4.285693430941791005e-01
4.706494214234009377e-01
5.353988395622311103e-01
5.480493341091507986e-01
5.547563295244557491e-01
6.032854472680873048e-01
5.888471957489167519e-01
6.589763938601416182e-01
6.193438543356041270e-01
5.726373299821391205e-01
5.861431479407447354e-01
6.051756118901059356e-01
6.101214438000471807e-01
5.156748307095451178e-01
