3.023988617439454796e-01
4.236442370591937401e-01
4.491158440213197656e-01
4.793167963475148952e-01
5.640482723899674644e-01
6.226318808618991341e-01
6.346169600092189667e-01
7.396076726008126156e-01
7.480518742646041774e-01
7.514385689006438662e-01
8.099405465464933895e-01
8.099405465464933895e-01
8.099405465464933895e-01
8.128675734739870817e-01
8.128675734739870817e-01
8.246633064496154963e-01
8.246633064496154963e-01
8.246633064496154963e-01
8.246633064496154963e-01
8.246633064496154963e-01
