2.355096389847789046e-02
6.142502266990481491e-02
7.494906416553091810e-02
7.369620838428891929e-02
8.600127654430979318e-02
1.174680472405753850e-01
1.175482348446213327e-01
1.181911928958978980e-01
1.112422585674195386e-01
1.265217712273858652e-01
1.060067470074552293e-01
1.235963970311255433e-01
1.314373613067307267e-01
1.290134586376107118e-01
1.239786904984858940e-01
1.393934716440154431e-01
1.425227700284001364e-01
1.592883911765580751e-01
1.479653995486986950e-01
1.531923735760071514e-01
