1.052620437166266187e-01
1.091538858555897162e-01
1.359454007958710298e-01
1.359454007958710298e-01
1.614051295909455508e-01
1.621560625827475066e-01
1.621560625827475066e-01
1.736049351891707504e-01
1.736049351891707504e-01
1.736049351891707504e-01
1.736049351891707504e-01
1.823672220723852044e-01
1.823672220723852044e-01
1.875673682740979231e-01
1.875673682740979231e-01
1.883115213584571901e-01
1.932628411088292975e-01
1.968551950200250200e-01
1.968551950200250200e-01
1.968551950200250200e-01
