6.501279107773039190e-02
2.439552702750158453e-01
3.846562215931690898e-01
4.179976240145358846e-01
4.314190191534176821e-01
4.638402496020030408e-01
5.092050379255622650e-01
5.358543416347598676e-01
5.317054261830262973e-01
5.431537587983626958e-01
5.285932217173729963e-01
6.012239320402550380e-01
5.917280685759017667e-01
6.057468337369715794e-01
6.615947874404363160e-01
6.149833649008044079e-01
5.732549724923824419e-01
6.085286916799999002e-01
5.951276214466705294e-01
7.170243371515713227e-01
