5.337842684974006824e-01
5.867710928876262999e-01
6.306524694603491410e-01
6.306524694603491410e-01
6.394832831168072440e-01
6.631532233996049186e-01
7.043895573539094013e-01
7.178448596974611462e-01
7.276830933821040182e-01
8.286351016992787866e-01
8.286351016992787866e-01
8.607410212227645241e-01
8.607410212227645241e-01
8.607410212227645241e-01
8.607410212227645241e-01
8.607410212227645241e-01
8.607410212227645241e-01
8.607410212227645241e-01
8.607410212227645241e-01
8.607410212227645241e-01
