1.897123129117323295e-02
7.543143845420866023e-02
1.537192584334325374e-01
2.509712259809774859e-01
2.494195669104471713e-01
2.929054643629930288e-01
3.230213125696607679e-01
3.218471644101944529e-01
4.998182416122816107e-01
5.045825945143140867e-01
5.416774801790811278e-01
4.800819421871478920e-01
5.314899614209253054e-01
5.267892158001054037e-01
5.360226102568758089e-01
5.656461823590135385e-01
5.977227115656010836e-01
5.590011491637003616e-01
5.296834598399008387e-01
5.509327638060577126e-01
