2.263943769139340478e-01
2.790567420294194356e-01
3.625610486636815510e-01
3.625610486636815510e-01
4.079808529501678382e-01
6.943369335443081436e-01
6.943369335443081436e-01
7.243915870604001883e-01
7.243915870604001883e-01
7.243915870604001883e-01
7.286122262628140778e-01
7.286122262628140778e-01
7.381299951049608010e-01
7.381299951049608010e-01
7.462082977700496000e-01
7.503904489944797085e-01
7.572988841711295604e-01
7.615870419559269688e-01
7.615870419559269688e-01
7.615870419559269688e-01
