6.385856527910291347e-02
2.025484708204069173e-01
3.165868301392194550e-01
3.987100031525224186e-01
4.837214004534686751e-01
5.834595645418620968e-01
5.853817926374708103e-01
5.819734477997144939e-01
5.571970412628527436e-01
6.071056610742158188e-01
5.750678832800546481e-01
5.774965103854311499e-01
6.205713433439926652e-01
6.281142032602042846e-01
6.515043314177763056e-01
6.477110764443196889e-01
6.228969020975823057e-01
6.321416531860784005e-01
6.754022005238058401e-01
7.018447890726896565e-01
