3.674915070285222907e-01
4.777536995469969794e-01
6.843123912086102045e-01
6.994759091063262879e-01
7.379871892132200406e-01
7.379871892132200406e-01
7.379871892132200406e-01
7.379871892132200406e-01
7.462604333630297182e-01
7.513650495738887214e-01
7.609140036538678542e-01
7.997365432669177876e-01
8.251742947040721088e-01
8.594999968353207453e-01
8.594999968353207453e-01
8.594999968353207453e-01
8.594999968353207453e-01
8.756300201984784648e-01
8.817544483128850752e-01
8.817544483128850752e-01
