2.227508132053215156e-02
6.650096791934062557e-02
1.112195693559302201e-01
1.430922078384967988e-01
1.528200599028425311e-01
1.410717851853657279e-01
1.751194115119209527e-01
2.063353071817319306e-01
2.253574944373146205e-01
2.045409983925811359e-01
2.325075452615855132e-01
2.263944989294660037e-01
2.233608357924292687e-01
2.110953857093143538e-01
2.302907590812275918e-01
2.628352483047561305e-01
2.324464117239808392e-01
2.445150359093038739e-01
2.120330511037339938e-01
2.455184593612318444e-01
