1.660234861571476817e-01
1.854040495024757984e-01
1.854040495024757984e-01
1.899733831390880701e-01
2.224852052127704871e-01
2.224852052127704871e-01
3.081448090706115917e-01
3.081448090706115917e-01
3.087609324041054037e-01
3.172373569286965900e-01
3.186988221958013678e-01
3.234623153773023008e-01
3.234623153773023008e-01
3.234623153773023008e-01
3.256416406760336280e-01
3.256416406760336280e-01
3.256416406760336280e-01
3.256416406760336280e-01
3.267187202373036392e-01
3.267187202373036392e-01
