1.280790879514415170e-02
5.049263843274989089e-02
1.061570892697479562e-01
1.605533547183942145e-01
1.703993656286412195e-01
1.744346106019569742e-01
1.835370129464510558e-01
2.335735243973117714e-01
2.508522421684019621e-01
2.297025940869462102e-01
2.633315649319509788e-01
2.863775636680381265e-01
2.813098133725697170e-01
2.943557227648120889e-01
2.715057986911511567e-01
3.324801895461537704e-01
3.026549754427400596e-01
2.739450758438866096e-01
2.642948312746734585e-01
2.583798824804253713e-01
