2.318380526439021150e-01
2.318380526439021150e-01
2.740382481980800922e-01
2.740382481980800922e-01
2.747076888975688025e-01
2.747076888975688025e-01
3.410283168129146780e-01
3.677447914822324915e-01
3.831802424115835493e-01
3.910290543961811860e-01
4.052647816673459191e-01
4.078449991767966187e-01
4.098834095917602838e-01
4.109094114413203158e-01
4.131781655464975556e-01
4.131781655464975556e-01
4.131781655464975556e-01
4.131781655464975556e-01
4.131781655464975556e-01
4.133062614107507748e-01
