7.034735609772194143e-02
2.542726215614572460e-01
4.404477871952774959e-01
5.288244632103641374e-01
5.020636129156104133e-01
5.894965920946193538e-01
6.087238325955838247e-01
6.507262815708992898e-01
6.334374876296147150e-01
6.421444694762866723e-01
6.725512485417857178e-01
6.691285542607092740e-01
7.189743707397491246e-01
7.387840484590340040e-01
7.317141757178293737e-01
6.478402534536911173e-01
6.527181376322055417e-01
6.569033771740558914e-01
6.615000610963394090e-01
6.967484771362885132e-01
