5.896700634691637299e-01
6.346300037068405286e-01
6.705007421004813839e-01
8.045783847103095132e-01
8.045783847103095132e-01
8.231969256342055452e-01
8.237114926373688695e-01
8.352192231618223994e-01
8.646138094382246342e-01
8.676060825073992344e-01
8.676060825073992344e-01
8.772093999048238278e-01
8.772093999048238278e-01
8.772093999048238278e-01
8.808823666677888520e-01
8.915089327401819475e-01
9.006325765704462638e-01
9.006325765704462638e-01
9.006325765704462638e-01
9.006325765704462638e-01
