2.083610197615196752e-02
9.414200697985541932e-02
1.552492215454286395e-01
1.992519026438975271e-01
2.846643729856134231e-01
4.023754442535052434e-01
3.844341789145490074e-01
3.622699582346892710e-01
3.847715414227884656e-01
3.568113327701136761e-01
4.161016703969417918e-01
5.252731201131504157e-01
4.802440130908319782e-01
4.707725297641557338e-01
4.368149473625407841e-01
5.884953881337715575e-01
6.137204194713283822e-01
5.930483710687090015e-01
5.238265162479092130e-01
5.579080064678474393e-01
