2.126256369122156986e-01
2.364076427460033436e-01
2.522153920905809699e-01
4.821556999290577128e-01
5.107589677230935932e-01
5.368317510490105970e-01
5.368317510490105970e-01
5.525918095965864918e-01
5.724512243578772086e-01
6.348250993614302784e-01
6.627407570610676091e-01
7.387566893316902528e-01
7.402770640128639723e-01
7.678070920346239392e-01
7.886074676401840788e-01
7.965509433456682276e-01
8.453177490387924209e-01
8.563213584893539787e-01
8.605515525851474834e-01
8.605515525851474834e-01
