5.597630150897417098e-03
2.986026408944141702e-02
5.835151537020681622e-02
9.750893382458261649e-02
2.110273616307641598e-01
4.755500038352497572e-01
3.981153788726379261e-01
4.806933330233519319e-01
5.984700218735848898e-01
5.356390860377802099e-01
5.722328445118155527e-01
5.762196137248587480e-01
5.038339303259521396e-01
5.617990538634305420e-01
5.992934040563936415e-01
5.239868718203591902e-01
4.846959524656819229e-01
5.913969662607334588e-01
5.287679812361579801e-01
6.120212944775269559e-01
