5.668549708495818074e-02
1.158980325636894682e-01
1.462694040935677009e-01
6.477772566568655854e-01
6.935082554889622219e-01
6.935082554889622219e-01
7.065091601176209934e-01
7.149447855628584536e-01
7.543938667503835571e-01
8.074500544367446686e-01
8.074500544367446686e-01
8.074500544367446686e-01
8.074500544367446686e-01
8.074500544367446686e-01
8.074500544367446686e-01
8.074500544367446686e-01
8.074500544367446686e-01
8.074500544367446686e-01
8.074500544367446686e-01
8.074500544367446686e-01
