5.371081280084127538e-03
2.882810891772409276e-02
7.075507386388756037e-02
8.785452130398060944e-02
1.221151919006432801e-01
1.466817125166846036e-01
1.486756632658559896e-01
1.756693352573276967e-01
1.887014995644495929e-01
1.852381287595397663e-01
1.894268514536439629e-01
2.425963726473699400e-01
2.304357677927330317e-01
2.291283049668534910e-01
2.367347625108049414e-01
2.282006468746513583e-01
2.151068094261842645e-01
2.281140467914985204e-01
2.171345626195915757e-01
2.223250599766889990e-01
