6.684597216931020824e-02
1.482236339010434278e-01
1.503351330609213887e-01
1.889473765228285584e-01
1.889473765228285584e-01
2.276021853444919474e-01
2.565512258274132984e-01
2.605140310070084286e-01
3.047920128339609569e-01
3.090975923510256296e-01
3.104704790484232868e-01
3.122012821507119673e-01
3.161817843496945724e-01
3.161817843496945724e-01
3.161817843496945724e-01
3.161817843496945724e-01
3.161817843496945724e-01
3.161817843496945724e-01
3.186252995605657334e-01
3.186252995605657334e-01
