8.060546927257884742e-02
2.895809890268986608e-01
5.277042772385147629e-01
5.613653587429731084e-01
6.051509933043464073e-01
6.291424965158880500e-01
6.120059307160861106e-01
6.635813132607053522e-01
6.828508582548057371e-01
6.758083056669793587e-01
6.397922313057911037e-01
6.958907792035711193e-01
7.391940006544946984e-01
6.652187869227924599e-01
6.746006084708821016e-01
7.019840886689845405e-01
6.833258296584692193e-01
6.939323420229649431e-01
7.274353860860187648e-01
6.751539112669645570e-01
