6.378781518812259854e-01
7.150990086611459517e-01
8.005481386534085697e-01
8.005481386534085697e-01
8.120799012515789173e-01
8.299160783485574067e-01
8.596533122348388734e-01
8.811055572036328165e-01
8.811055572036328165e-01
8.811055572036328165e-01
8.811055572036328165e-01
8.811055572036328165e-01
8.896772991123947927e-01
8.896772991123947927e-01
8.896772991123947927e-01
9.067062044987621583e-01
9.067062044987621583e-01
9.067062044987621583e-01
9.067062044987621583e-01
9.067062044987621583e-01
