2.021525494957500391e-02
1.019570538193620701e-01
2.908153635824966554e-01
4.898026152380394183e-01
5.271213577349203039e-01
5.366554915559833550e-01
5.207194281144171821e-01
5.086390958794684281e-01
5.471651233757935939e-01
5.344295059662697023e-01
6.971102639689713554e-01
6.653035191053296993e-01
6.778054079272501919e-01
6.322794854298207090e-01
7.063880717197514869e-01
6.798256380083067540e-01
7.098731798503197243e-01
6.256639706424125258e-01
6.584444508339879487e-01
6.535214476429510588e-01
