4.912225305741317882e-01
6.645056713470030019e-01
6.918561988026952214e-01
7.104648636532244765e-01
7.104648636532244765e-01
7.211751338756853258e-01
7.739193692815053982e-01
7.739193692815053982e-01
8.317383531222857229e-01
8.496862675909986340e-01
8.710432192161562392e-01
8.873830645347354773e-01
9.058673085873727437e-01
9.058673085873727437e-01
9.181885863838804562e-01
9.181885863838804562e-01
9.181885863838804562e-01
9.181885863838804562e-01
9.181885863838804562e-01
9.181885863838804562e-01
