2.097193620120430067e-03
2.709952020022503988e-02
6.537167352308123625e-02
2.134406109226469062e-01
3.037158048860144621e-01
4.145576549206727579e-01
4.698363888899041996e-01
4.960008396788805340e-01
4.797168954918179518e-01
5.062338619405816198e-01
5.803111910156010245e-01
5.885027333528392024e-01
5.122545598529828492e-01
5.743768707200290757e-01
5.193554569818349398e-01
5.930443847216928521e-01
5.658770424842725077e-01
6.526176592493668771e-01
4.900873493842065054e-01
6.125586143341594791e-01
