2.913668823726356383e-02
4.313346074682695708e-01
4.313346074682695708e-01
5.624553176238134000e-01
6.133393605920470781e-01
6.305393291679036727e-01
6.426353433954085093e-01
7.124940828917939450e-01
7.286098547871000530e-01
7.396206429096474633e-01
7.567930361156891550e-01
7.812668160737544776e-01
7.855007496913700704e-01
7.855007496913700704e-01
7.855007496913700704e-01
7.855007496913700704e-01
7.855007496913700704e-01
7.855007496913700704e-01
7.986045820202879453e-01
7.986045820202879453e-01
