4.181548489611780495e-02
1.949565268656711092e-01
3.660908181127959238e-01
4.185877442898345846e-01
4.203592414147205858e-01
5.268749607543161684e-01
5.409193955164069978e-01
5.830846334671445641e-01
6.479702473345284597e-01
6.182943973861534381e-01
5.967802506057660050e-01
6.475019154086256723e-01
5.977154081587169321e-01
6.292080476452754922e-01
6.085409731202510164e-01
6.928702134700965853e-01
6.705081133694219542e-01
6.298304243185411933e-01
5.760082238790574793e-01
6.384451630188744398e-01
