4.016881698348002683e-01
4.718017906851950105e-01
5.693158738978085776e-01
6.250341094420323040e-01
6.932523885789000362e-01
7.788682583832161610e-01
8.066003735350444348e-01
8.128140070042060294e-01
8.469236123794341431e-01
8.469236123794341431e-01
8.469236123794341431e-01
8.469236123794341431e-01
8.469236123794341431e-01
8.469236123794341431e-01
8.469236123794341431e-01
8.469236123794341431e-01
8.469236123794341431e-01
8.469236123794341431e-01
8.469236123794341431e-01
8.469236123794341431e-01
