2.030729949526346653e-02
1.159219216644399725e-01
2.831622733095205402e-01
3.588756252756758469e-01
3.185637205486275270e-01
3.737366862724839645e-01
3.864531409449454280e-01
4.366561679197804580e-01
4.419253336511028141e-01
4.918627893171910737e-01
5.225707623832966942e-01
5.799102026544001864e-01
6.108825059900501175e-01
6.728966924392663085e-01
6.752769793880638582e-01
5.900678567761868942e-01
6.496695657878904795e-01
6.593204332665745238e-01
7.332671099164023154e-01
5.892082006687440199e-01
