4.015210723004505322e-01
4.174775502332536137e-01
4.754320563588529946e-01
4.769357697338468816e-01
5.206266416793672303e-01
5.747428337153045463e-01
5.941159058993666919e-01
6.177873286056340119e-01
6.759788316588812851e-01
7.284734434973043626e-01
8.169392316912660323e-01
8.497261047400901379e-01
8.590217928171957062e-01
8.740426587890398613e-01
8.740426587890398613e-01
8.943660829099269183e-01
8.943660829099269183e-01
9.005751698147684836e-01
9.081705702878680730e-01
9.081705702878680730e-01
