9.727492382569697185e-03
7.387385398970619521e-02
2.310805912330759493e-01
3.335493050959791317e-01
3.663997127403241238e-01
3.319511654491127395e-01
4.089318735538854943e-01
3.750381299424541681e-01
4.292501506287104140e-01
3.697595533542140656e-01
3.796038179578157257e-01
3.616077579134605591e-01
3.816163658302876294e-01
3.225781961423461186e-01
3.999017938365179714e-01
4.000375353633580100e-01
4.200989044467512423e-01
4.210829002081503125e-01
4.199393972721622847e-01
3.936759065254155088e-01
