2.143077937567277047e-01
4.670133947750527703e-01
4.918173568692651987e-01
5.647115015330353982e-01
5.647115015330353982e-01
5.647115015330353982e-01
5.647115015330353982e-01
5.647115015330353982e-01
5.647115015330353982e-01
5.647115015330353982e-01
5.647115015330353982e-01
5.647115015330353982e-01
5.647115015330353982e-01
5.647115015330353982e-01
5.694612063694761694e-01
6.389967099799949146e-01
6.389967099799949146e-01
6.389967099799949146e-01
6.416053879653874636e-01
6.509945679369918414e-01
