1.060129380688535662e-02
5.352889684654740104e-02
1.490656123487775486e-01
2.478188988313353991e-01
3.781992815160778454e-01
4.500797422807010228e-01
5.423132011969080679e-01
5.977043034731926996e-01
6.014560142461883308e-01
6.106131392504318134e-01
6.763999170029416641e-01
6.552155812228580567e-01
6.316151542035296496e-01
5.797375097452734938e-01
5.199866125731787969e-01
5.909111425165261000e-01
6.986638252378745140e-01
5.734740345706526021e-01
6.342825650207022381e-01
6.518744655491464091e-01
