1.313761303315085227e-01
2.110163105570902475e-01
5.468444627725450591e-01
5.667399625469763391e-01
7.200355921027892236e-01
7.782285206487441487e-01
7.981472426370056494e-01
8.460937755125299553e-01
8.460937755125299553e-01
8.511950416558489163e-01
8.544394187286327158e-01
8.544394187286327158e-01
8.685149662197965137e-01
8.685149662197965137e-01
8.787545423477440831e-01
8.787545423477440831e-01
8.809450610934198567e-01
8.809450610934198567e-01
8.809450610934198567e-01
8.809450610934198567e-01
