2.185314197995116836e-02
1.007499622900448755e-01
2.068132061521038290e-01
4.219177357589223298e-01
4.341168810576806480e-01
4.644866675073259787e-01
4.424519117985138972e-01
4.767047858386646020e-01
4.799880940396669127e-01
5.488001303947797060e-01
5.604842881738653082e-01
5.686796474922927169e-01
5.825320027868212680e-01
4.945014160394267111e-01
5.304624310736139048e-01
5.862779887833050596e-01
4.954842673450901569e-01
4.896497334462717177e-01
4.550786247649359906e-01
5.171488019272731940e-01
