2.330763679952312373e-01
6.273048057955991075e-01
6.278098586745355369e-01
6.492195058457400636e-01
6.492195058457400636e-01
6.492195058457400636e-01
7.411999805473853398e-01
7.411999805473853398e-01
7.430742680627946406e-01
7.430742680627946406e-01
7.430742680627946406e-01
7.430742680627946406e-01
7.430742680627946406e-01
7.520688193022464496e-01
7.520688193022464496e-01
7.748808573617111950e-01
7.748808573617111950e-01
7.748808573617111950e-01
7.748808573617111950e-01
7.748808573617111950e-01
