2.193032701931584699e-02
1.026332380401280275e-01
1.852206879603429113e-01
2.578422308306230759e-01
2.861114929638941540e-01
3.332187753556784537e-01
3.365793187439951595e-01
3.178538457888427926e-01
3.336939787076899089e-01
3.295240595114723448e-01
3.271089822524605450e-01
3.549280894760171168e-01
3.347867151544742237e-01
3.300229149022261277e-01
3.695501734296964824e-01
3.327945064325383839e-01
3.884832199908546668e-01
3.616811076190141194e-01
3.607994295443231469e-01
3.497969773716650410e-01
