2.229381335239393191e-01
3.337387744705369030e-01
3.337387744705369030e-01
3.786831621630604161e-01
3.818831665261845920e-01
4.057435125045971702e-01
4.057435125045971702e-01
4.118027088754403486e-01
4.131903307559658955e-01
4.170002676688028265e-01
4.173885823660319350e-01
4.204286170898176023e-01
4.236874168835547128e-01
4.250609409284628049e-01
4.287543303192941080e-01
4.303322927298307565e-01
4.312794450095009946e-01
4.330246925821006343e-01
4.330246925821006343e-01
4.330246925821006343e-01
