2.397447010623352057e-03
1.159022119173857245e-02
4.131320990247478592e-02
5.031567063298364451e-02
5.250566075437244212e-02
5.480315746295687240e-02
5.667170160162852965e-02
6.227811432338870024e-02
9.972569050928975498e-02
1.489188650733042629e-01
1.448743676747675235e-01
1.625881068239948546e-01
1.523550797633991538e-01
1.863494325843971233e-01
1.991937832273223685e-01
1.801454686171929942e-01
2.005528001646282588e-01
1.900311529449235093e-01
1.965684844952810539e-01
1.666525709836367553e-01
