6.543044333497705090e-02
6.543044333497705090e-02
6.616733180211586962e-02
6.650329839893143191e-02
6.650329839893143191e-02
7.333657746984612036e-02
1.909751455862509495e-01
1.909751455862509495e-01
1.998087835878464835e-01
1.998087835878464835e-01
2.821296244136596298e-01
2.821296244136596298e-01
2.821296244136596298e-01
2.821296244136596298e-01
2.821296244136596298e-01
2.884545928040080920e-01
2.884545928040080920e-01
2.884545928040080920e-01
2.884545928040080920e-01
2.884545928040080920e-01
