2.423985881935658906e-02
8.788455237706280232e-02
9.695104062512482912e-02
1.295604167242316307e-01
1.631367742110813313e-01
1.666877776944779288e-01
1.837365067427069731e-01
1.751930350647963874e-01
1.633072721731237964e-01
1.885962091973734100e-01
1.840178443666216912e-01
1.853453744474585219e-01
1.891692379843790961e-01
1.898514467046068244e-01
1.913946293908248275e-01
1.918941098922026800e-01
1.893714506626374416e-01
2.116485967720256878e-01
2.003981779484847736e-01
1.925349472748592583e-01
