1.418965652393971988e-01
1.516398091535591242e-01
2.078031955153707422e-01
2.364049449503002887e-01
2.364049449503002887e-01
2.364049449503002887e-01
2.444813729105661526e-01
2.444813729105661526e-01
2.444813729105661526e-01
2.509223427093880687e-01
2.509223427093880687e-01
2.509223427093880687e-01
2.588083856431158125e-01
2.588083856431158125e-01
2.588083856431158125e-01
2.588083856431158125e-01
2.588083856431158125e-01
2.588083856431158125e-01
2.588083856431158125e-01
2.588083856431158125e-01
