5.238091516422818845e-03
3.245148090886056103e-02
6.833775408157799491e-02
1.483378297618826447e-01
2.686154961849845924e-01
3.884762983200490960e-01
4.586007214174398494e-01
4.982444351760532686e-01
5.265045298400223839e-01
5.576109545868140893e-01
6.465170160247526443e-01
6.002821919781613502e-01
6.773283109795148471e-01
6.144628585374833918e-01
5.728285344016779135e-01
5.839947453369532804e-01
5.457533303064993069e-01
5.751491863585517228e-01
5.794845910322830029e-01
6.864237990868533590e-01
