5.907467237386976322e-02
2.097821510257167343e-01
3.863616062072807722e-01
4.588084879586104003e-01
6.719126389492054985e-01
7.292676480390091198e-01
7.292676480390091198e-01
7.394155874217317459e-01
8.534796892944300772e-01
8.534796892944300772e-01
8.577935469433972671e-01
8.577935469433972671e-01
8.577935469433972671e-01
8.577935469433972671e-01
8.793100530098952872e-01
8.793100530098952872e-01
8.793100530098952872e-01
8.793100530098952872e-01
8.793100530098952872e-01
8.793100530098952872e-01
